  0.733245E-04  0.199317E+08  0.199317E+08  0.258661E+08  0.258651E+08  0.000000E+00  0.199317E+08
  0.866227E-04  0.199312E+08  0.199312E+08  0.255895E+08  0.255881E+08  0.000000E+00  0.199312E+08
  0.102333E-03  0.199304E+08  0.199304E+08  0.252080E+08  0.252060E+08  0.000000E+00  0.199304E+08
  0.120892E-03  0.199294E+08  0.199294E+08  0.246842E+08  0.246815E+08  0.000000E+00  0.199294E+08
  0.142817E-03  0.199279E+08  0.199279E+08  0.239698E+08  0.239662E+08  0.000000E+00  0.199279E+08
  0.168718E-03  0.199258E+08  0.199258E+08  0.230043E+08  0.229996E+08  0.000000E+00  0.199258E+08
  0.199317E-03  0.199230E+08  0.199230E+08  0.217164E+08  0.217103E+08  0.000000E+00  0.199230E+08
  0.235465E-03  0.199190E+08  0.199190E+08  0.200295E+08  0.200218E+08  0.000000E+00  0.199190E+08
  0.278169E-03  0.199136E+08  0.199136E+08  0.178765E+08  0.178674E+08  0.000000E+00  0.199136E+08
  0.328618E-03  0.199061E+08  0.199061E+08  0.152288E+08  0.152187E+08  0.000000E+00  0.199061E+08
  0.388216E-03  0.198958E+08  0.198958E+08  0.121427E+08  0.121329E+08  0.000000E+00  0.198958E+08
  0.458623E-03  0.198819E+08  0.198819E+08  0.881790E+07  0.881020E+07  0.000000E+00  0.198819E+08
  0.541799E-03  0.198632E+08  0.198631E+08  0.563612E+07  0.563270E+07  0.000000E+00  0.198632E+08
  0.640060E-03  0.198382E+08  0.198382E+08  0.310634E+07  0.310809E+07  0.000000E+00  0.198382E+08
  0.756142E-03  0.198054E+08  0.198053E+08  0.162781E+07  0.163236E+07  0.000000E+00  0.198054E+08
  0.893276E-03  0.197626E+08  0.197626E+08  0.111565E+07  0.111764E+07  0.000000E+00  0.197626E+08
  0.105528E-02  0.197077E+08  0.197076E+08  0.909415E+06  0.906722E+06  0.000000E+00  0.197077E+08
  0.124667E-02  0.196377E+08  0.196375E+08  0.491683E+06  0.490626E+06  0.000000E+00  0.196377E+08
  0.147276E-02  0.195493E+08  0.195491E+08  0.201419E+06  0.203706E+06  0.000000E+00  0.195493E+08
  0.173986E-02  0.194386E+08  0.194382E+08  0.180186E+06  0.178433E+06  0.000000E+00  0.194385E+08
  0.205541E-02  0.193009E+08  0.193004E+08  0.484047E+05  0.497236E+05  0.000000E+00  0.193008E+08
  0.242818E-02  0.191312E+08  0.191305E+08  0.487552E+05  0.467244E+05  0.000000E+00  0.191311E+08
  0.286855E-02  0.189238E+08  0.189229E+08  0.123093E+05  0.927201E+04  0.000000E+00  0.189237E+08
  0.338879E-02  0.186726E+08  0.186713E+08  0.000000E+00  0.000000E+00  0.000000E+00  0.186724E+08
  0.400338E-02  0.183712E+08  0.183694E+08  0.000000E+00  0.000000E+00  0.000000E+00  0.183709E+08
  0.472944E-02  0.180128E+08  0.180103E+08  0.000000E+00  0.000000E+00  0.000000E+00  0.180124E+08
  0.480892E-02  0.179736E+08  0.179710E+08  0.000000E+00  0.000000E+00  0.000000E+00  0.179732E+08
  0.488974E-02  0.179337E+08  0.179310E+08  0.000000E+00  0.000000E+00  0.000000E+00  0.179333E+08
  0.497192E-02  0.178932E+08  0.178904E+08  0.000000E+00  0.000000E+00  0.000000E+00  0.178927E+08
  0.505548E-02  0.178520E+08  0.178491E+08  0.000000E+00  0.000000E+00  0.000000E+00  0.178515E+08
  0.514045E-02  0.178101E+08  0.178072E+08  0.000000E+00  0.000000E+00  0.000000E+00  0.178096E+08
  0.522684E-02  0.177676E+08  0.177645E+08  0.000000E+00  0.000000E+00  0.000000E+00  0.177671E+08
  0.531468E-02  0.177244E+08  0.177212E+08  0.000000E+00  0.000000E+00  0.000000E+00  0.177239E+08
  0.540400E-02  0.176805E+08  0.176772E+08  0.000000E+00  0.000000E+00  0.000000E+00  0.176800E+08
  0.549482E-02  0.176359E+08  0.176325E+08  0.000000E+00  0.000000E+00  0.000000E+00  0.176354E+08
  0.558717E-02  0.175906E+08  0.175872E+08  0.000000E+00  0.000000E+00  0.000000E+00  0.175901E+08
  0.568107E-02  0.175446E+08  0.175411E+08  0.000000E+00  0.000000E+00  0.000000E+00  0.175441E+08
  0.577655E-02  0.174979E+08  0.174942E+08  0.000000E+00  0.000000E+00  0.000000E+00  0.174973E+08
  0.587363E-02  0.174505E+08  0.174467E+08  0.000000E+00  0.000000E+00  0.000000E+00  0.174499E+08
  0.597235E-02  0.174024E+08  0.173984E+08  0.000000E+00  0.000000E+00  0.000000E+00  0.174017E+08
  0.607272E-02  0.173535E+08  0.173494E+08  0.000000E+00  0.000000E+00  0.000000E+00  0.173528E+08
  0.617478E-02  0.173038E+08  0.172997E+08  0.000000E+00  0.000000E+00  0.000000E+00  0.173032E+08
  0.627856E-02  0.172535E+08  0.172492E+08  0.000000E+00  0.000000E+00  0.000000E+00  0.172528E+08
  0.638408E-02  0.172024E+08  0.171979E+08  0.000000E+00  0.000000E+00  0.000000E+00  0.172017E+08
  0.649137E-02  0.171505E+08  0.171459E+08  0.000000E+00  0.000000E+00  0.000000E+00  0.171498E+08
  0.660046E-02  0.170978E+08  0.170931E+08  0.000000E+00  0.000000E+00  0.000000E+00  0.170971E+08
  0.671139E-02  0.170444E+08  0.170395E+08  0.000000E+00  0.000000E+00  0.000000E+00  0.170436E+08
  0.682419E-02  0.169902E+08  0.169852E+08  0.000000E+00  0.000000E+00  0.000000E+00  0.169894E+08
  0.693888E-02  0.169352E+08  0.169300E+08  0.000000E+00  0.000000E+00  0.000000E+00  0.169344E+08
  0.705549E-02  0.168794E+08  0.168741E+08  0.000000E+00  0.000000E+00  0.000000E+00  0.168786E+08
  0.717407E-02  0.168229E+08  0.168174E+08  0.000000E+00  0.000000E+00  0.000000E+00  0.168220E+08
  0.729464E-02  0.167655E+08  0.167598E+08  0.000000E+00  0.000000E+00  0.000000E+00  0.167646E+08
  0.741724E-02  0.167073E+08  0.167014E+08  0.000000E+00  0.000000E+00  0.000000E+00  0.167063E+08
  0.754189E-02  0.166482E+08  0.166422E+08  0.000000E+00  0.000000E+00  0.000000E+00  0.166473E+08
  0.766865E-02  0.165884E+08  0.165822E+08  0.000000E+00  0.000000E+00  0.000000E+00  0.165874E+08
  0.779753E-02  0.165277E+08  0.165213E+08  0.000000E+00  0.000000E+00  0.000000E+00  0.165267E+08
  0.792858E-02  0.164662E+08  0.164596E+08  0.000000E+00  0.000000E+00  0.000000E+00  0.164651E+08
  0.806183E-02  0.164038E+08  0.163970E+08  0.000000E+00  0.000000E+00  0.000000E+00  0.164027E+08
  0.819732E-02  0.163406E+08  0.163336E+08  0.000000E+00  0.000000E+00  0.000000E+00  0.163395E+08
  0.833508E-02  0.162765E+08  0.162693E+08  0.000000E+00  0.000000E+00  0.000000E+00  0.162754E+08
  0.847516E-02  0.162116E+08  0.162041E+08  0.000000E+00  0.000000E+00  0.000000E+00  0.162104E+08
  0.861760E-02  0.161457E+08  0.161380E+08  0.000000E+00  0.000000E+00  0.000000E+00  0.161445E+08
  0.876243E-02  0.160790E+08  0.160711E+08  0.000000E+00  0.000000E+00  0.000000E+00  0.160778E+08
  0.890969E-02  0.160115E+08  0.160033E+08  0.000000E+00  0.000000E+00  0.000000E+00  0.160102E+08
  0.905943E-02  0.159430E+08  0.159346E+08  0.000000E+00  0.000000E+00  0.000000E+00  0.159417E+08
  0.921169E-02  0.158736E+08  0.158649E+08  0.000000E+00  0.000000E+00  0.000000E+00  0.158722E+08
  0.936650E-02  0.158033E+08  0.157944E+08  0.000000E+00  0.000000E+00  0.000000E+00  0.158019E+08
  0.952392E-02  0.157321E+08  0.157229E+08  0.000000E+00  0.000000E+00  0.000000E+00  0.157307E+08
  0.968398E-02  0.156600E+08  0.156505E+08  0.000000E+00  0.000000E+00  0.000000E+00  0.156585E+08
  0.984674E-02  0.155870E+08  0.155772E+08  0.000000E+00  0.000000E+00  0.000000E+00  0.155854E+08
  0.100122E-01  0.155130E+08  0.155030E+08  0.000000E+00  0.000000E+00  0.000000E+00  0.155114E+08
  0.101805E-01  0.154381E+08  0.154277E+08  0.000000E+00  0.000000E+00  0.000000E+00  0.154365E+08
  0.103516E-01  0.153623E+08  0.153516E+08  0.000000E+00  0.000000E+00  0.000000E+00  0.153606E+08
  0.105256E-01  0.152855E+08  0.152745E+08  0.000000E+00  0.000000E+00  0.000000E+00  0.152837E+08
  0.107025E-01  0.152077E+08  0.151964E+08  0.000000E+00  0.000000E+00  0.000000E+00  0.152059E+08
  0.108823E-01  0.151290E+08  0.151174E+08  0.000000E+00  0.000000E+00  0.000000E+00  0.151272E+08
  0.110652E-01  0.150493E+08  0.150374E+08  0.000000E+00  0.000000E+00  0.000000E+00  0.150474E+08
  0.112512E-01  0.149687E+08  0.149564E+08  0.000000E+00  0.000000E+00  0.000000E+00  0.149667E+08
  0.114403E-01  0.148871E+08  0.148744E+08  0.000000E+00  0.000000E+00  0.000000E+00  0.148851E+08
  0.116325E-01  0.148045E+08  0.147914E+08  0.000000E+00  0.000000E+00  0.000000E+00  0.148024E+08
  0.118280E-01  0.147209E+08  0.147074E+08  0.000000E+00  0.000000E+00  0.000000E+00  0.147187E+08
  0.120268E-01  0.146363E+08  0.146225E+08  0.000000E+00  0.000000E+00  0.000000E+00  0.146341E+08
  0.122290E-01  0.145507E+08  0.145365E+08  0.000000E+00  0.000000E+00  0.000000E+00  0.145484E+08
  0.124345E-01  0.144641E+08  0.144495E+08  0.000000E+00  0.000000E+00  0.000000E+00  0.144618E+08
  0.126435E-01  0.143765E+08  0.143615E+08  0.000000E+00  0.000000E+00  0.000000E+00  0.143741E+08
  0.128559E-01  0.142879E+08  0.142724E+08  0.000000E+00  0.000000E+00  0.000000E+00  0.142854E+08
  0.130720E-01  0.141982E+08  0.141824E+08  0.000000E+00  0.000000E+00  0.000000E+00  0.141957E+08
  0.132917E-01  0.141076E+08  0.140913E+08  0.000000E+00  0.000000E+00  0.000000E+00  0.141050E+08
  0.135151E-01  0.140159E+08  0.139992E+08  0.000000E+00  0.000000E+00  0.000000E+00  0.140133E+08
  0.137422E-01  0.139232E+08  0.139060E+08  0.000000E+00  0.000000E+00  0.000000E+00  0.139205E+08
  0.139732E-01  0.138295E+08  0.138118E+08  0.000000E+00  0.000000E+00  0.000000E+00  0.138267E+08
  0.142080E-01  0.137347E+08  0.137166E+08  0.000000E+00  0.000000E+00  0.000000E+00  0.137319E+08
  0.144468E-01  0.136390E+08  0.136203E+08  0.000000E+00  0.000000E+00  0.000000E+00  0.136360E+08
  0.146896E-01  0.135421E+08  0.135230E+08  0.000000E+00  0.000000E+00  0.000000E+00  0.135391E+08
  0.149365E-01  0.134443E+08  0.134246E+08  0.000000E+00  0.000000E+00  0.000000E+00  0.134412E+08
  0.151875E-01  0.133454E+08  0.133252E+08  0.000000E+00  0.000000E+00  0.000000E+00  0.133422E+08
  0.154428E-01  0.132454E+08  0.132247E+08  0.000000E+00  0.000000E+00  0.000000E+00  0.132422E+08
  0.157023E-01  0.131445E+08  0.131232E+08  0.000000E+00  0.000000E+00  0.000000E+00  0.131411E+08
  0.159662E-01  0.130425E+08  0.130207E+08  0.000000E+00  0.000000E+00  0.000000E+00  0.130390E+08
  0.162345E-01  0.129394E+08  0.129171E+08  0.000000E+00  0.000000E+00  0.000000E+00  0.129359E+08
  0.165074E-01  0.128354E+08  0.128124E+08  0.000000E+00  0.000000E+00  0.000000E+00  0.128318E+08
  0.167848E-01  0.127303E+08  0.127068E+08  0.000000E+00  0.000000E+00  0.000000E+00  0.127266E+08
  0.170669E-01  0.126242E+08  0.126001E+08  0.000000E+00  0.000000E+00  0.000000E+00  0.126204E+08
  0.173537E-01  0.125171E+08  0.124924E+08  0.000000E+00  0.000000E+00  0.000000E+00  0.125132E+08
  0.176454E-01  0.124090E+08  0.123837E+08  0.000000E+00  0.000000E+00  0.000000E+00  0.124050E+08
  0.179419E-01  0.122998E+08  0.122740E+08  0.000000E+00  0.000000E+00  0.000000E+00  0.122958E+08
  0.182435E-01  0.121897E+08  0.121632E+08  0.000000E+00  0.000000E+00  0.000000E+00  0.121856E+08
  0.185501E-01  0.120787E+08  0.120515E+08  0.000000E+00  0.000000E+00  0.000000E+00  0.120744E+08
  0.188618E-01  0.119666E+08  0.119389E+08  0.000000E+00  0.000000E+00  0.000000E+00  0.119622E+08
  0.191788E-01  0.118536E+08  0.118252E+08  0.000000E+00  0.000000E+00  0.000000E+00  0.118491E+08
  0.195011E-01  0.117397E+08  0.117107E+08  0.000000E+00  0.000000E+00  0.000000E+00  0.117351E+08
  0.198289E-01  0.116248E+08  0.115952E+08  0.000000E+00  0.000000E+00  0.000000E+00  0.116201E+08
  0.201621E-01  0.115091E+08  0.114788E+08  0.000000E+00  0.000000E+00  0.000000E+00  0.115043E+08
  0.205010E-01  0.113924E+08  0.113615E+08  0.000000E+00  0.000000E+00  0.000000E+00  0.113875E+08
  0.208455E-01  0.112749E+08  0.112433E+08  0.000000E+00  0.000000E+00  0.000000E+00  0.112700E+08
  0.211959E-01  0.111566E+08  0.111244E+08  0.000000E+00  0.000000E+00  0.000000E+00  0.111515E+08
  0.215521E-01  0.110375E+08  0.110046E+08  0.000000E+00  0.000000E+00  0.000000E+00  0.110323E+08
  0.219143E-01  0.109175E+08  0.108840E+08  0.000000E+00  0.000000E+00  0.000000E+00  0.109123E+08
  0.222826E-01  0.107969E+08  0.107627E+08  0.000000E+00  0.000000E+00  0.000000E+00  0.107915E+08
  0.226571E-01  0.106755E+08  0.106406E+08  0.000000E+00  0.000000E+00  0.000000E+00  0.106700E+08
  0.230379E-01  0.105534E+08  0.105179E+08  0.000000E+00  0.000000E+00  0.000000E+00  0.105478E+08
  0.234251E-01  0.104307E+08  0.103946E+08  0.000000E+00  0.000000E+00  0.000000E+00  0.104250E+08
  0.238188E-01  0.103074E+08  0.102706E+08  0.000000E+00  0.000000E+00  0.000000E+00  0.103016E+08
  0.242191E-01  0.101835E+08  0.101461E+08  0.000000E+00  0.000000E+00  0.000000E+00  0.101776E+08
  0.246261E-01  0.100591E+08  0.100211E+08  0.000000E+00  0.000000E+00  0.000000E+00  0.100531E+08
  0.250400E-01  0.993426E+07  0.989562E+07  0.000000E+00  0.000000E+00  0.000000E+00  0.992816E+07
  0.254608E-01  0.980899E+07  0.976975E+07  0.000000E+00  0.000000E+00  0.000000E+00  0.980280E+07
  0.258887E-01  0.968335E+07  0.964353E+07  0.000000E+00  0.000000E+00  0.000000E+00  0.967707E+07
  0.263238E-01  0.955742E+07  0.951702E+07  0.000000E+00  0.000000E+00  0.000000E+00  0.955104E+07
  0.267662E-01  0.943124E+07  0.939030E+07  0.000000E+00  0.000000E+00  0.000000E+00  0.942478E+07
  0.272160E-01  0.930488E+07  0.926340E+07  0.000000E+00  0.000000E+00  0.000000E+00  0.929833E+07
  0.276734E-01  0.917841E+07  0.913642E+07  0.000000E+00  0.000000E+00  0.000000E+00  0.917178E+07
  0.281385E-01  0.905190E+07  0.900942E+07  0.000000E+00  0.000000E+00  0.000000E+00  0.904519E+07
  0.286114E-01  0.892541E+07  0.888248E+07  0.000000E+00  0.000000E+00  0.000000E+00  0.891864E+07
  0.290923E-01  0.879903E+07  0.875566E+07  0.000000E+00  0.000000E+00  0.000000E+00  0.879219E+07
  0.295812E-01  0.867284E+07  0.862906E+07  0.000000E+00  0.000000E+00  0.000000E+00  0.866593E+07
  0.300784E-01  0.854691E+07  0.850275E+07  0.000000E+00  0.000000E+00  0.000000E+00  0.853994E+07
  0.305839E-01  0.842133E+07  0.837683E+07  0.000000E+00  0.000000E+00  0.000000E+00  0.841431E+07
  0.310979E-01  0.829618E+07  0.825137E+07  0.000000E+00  0.000000E+00  0.000000E+00  0.828911E+07
  0.316205E-01  0.817156E+07  0.812648E+07  0.000000E+00  0.000000E+00  0.000000E+00  0.816445E+07
  0.321520E-01  0.804755E+07  0.800224E+07  0.000000E+00  0.000000E+00  0.000000E+00  0.804040E+07
  0.326923E-01  0.792425E+07  0.787875E+07  0.000000E+00  0.000000E+00  0.000000E+00  0.791707E+07
  0.332418E-01  0.780175E+07  0.775610E+07  0.000000E+00  0.000000E+00  0.000000E+00  0.779454E+07
  0.338004E-01  0.768014E+07  0.763439E+07  0.000000E+00  0.000000E+00  0.000000E+00  0.767292E+07
  0.343685E-01  0.755953E+07  0.751373E+07  0.000000E+00  0.000000E+00  0.000000E+00  0.755230E+07
  0.349461E-01  0.744001E+07  0.739421E+07  0.000000E+00  0.000000E+00  0.000000E+00  0.743278E+07
  0.355334E-01  0.732168E+07  0.727592E+07  0.000000E+00  0.000000E+00  0.000000E+00  0.731446E+07
  0.361306E-01  0.720462E+07  0.715898E+07  0.000000E+00  0.000000E+00  0.000000E+00  0.719742E+07
  0.367378E-01  0.708897E+07  0.704347E+07  0.000000E+00  0.000000E+00  0.000000E+00  0.708179E+07
  0.373552E-01  0.697486E+07  0.692958E+07  0.000000E+00  0.000000E+00  0.000000E+00  0.696771E+07
  0.379830E-01  0.686233E+07  0.681733E+07  0.000000E+00  0.000000E+00  0.000000E+00  0.685523E+07
  0.386214E-01  0.675147E+07  0.670679E+07  0.000000E+00  0.000000E+00  0.000000E+00  0.674442E+07
  0.392705E-01  0.664233E+07  0.659805E+07  0.000000E+00  0.000000E+00  0.000000E+00  0.663534E+07
  0.399305E-01  0.653499E+07  0.649116E+07  0.000000E+00  0.000000E+00  0.000000E+00  0.652808E+07
  0.406016E-01  0.642951E+07  0.638619E+07  0.000000E+00  0.000000E+00  0.000000E+00  0.642268E+07
  0.412839E-01  0.632596E+07  0.628321E+07  0.000000E+00  0.000000E+00  0.000000E+00  0.631921E+07
  0.419778E-01  0.622440E+07  0.618228E+07  0.000000E+00  0.000000E+00  0.000000E+00  0.621775E+07
  0.426833E-01  0.612490E+07  0.608348E+07  0.000000E+00  0.000000E+00  0.000000E+00  0.611836E+07
  0.434006E-01  0.602754E+07  0.598687E+07  0.000000E+00  0.000000E+00  0.000000E+00  0.602112E+07
  0.441300E-01  0.593237E+07  0.589250E+07  0.000000E+00  0.000000E+00  0.000000E+00  0.592607E+07
  0.448717E-01  0.583943E+07  0.580043E+07  0.000000E+00  0.000000E+00  0.000000E+00  0.583328E+07
  0.456258E-01  0.574878E+07  0.571069E+07  0.000000E+00  0.000000E+00  0.000000E+00  0.574277E+07
  0.463926E-01  0.566040E+07  0.562328E+07  0.000000E+00  0.000000E+00  0.000000E+00  0.565454E+07
  0.471723E-01  0.557431E+07  0.553820E+07  0.000000E+00  0.000000E+00  0.000000E+00  0.556861E+07
  0.479651E-01  0.549047E+07  0.545542E+07  0.000000E+00  0.000000E+00  0.000000E+00  0.548494E+07
  0.487712E-01  0.540883E+07  0.537488E+07  0.000000E+00  0.000000E+00  0.000000E+00  0.540348E+07
  0.495909E-01  0.532936E+07  0.529654E+07  0.000000E+00  0.000000E+00  0.000000E+00  0.532418E+07
  0.504243E-01  0.525197E+07  0.522031E+07  0.000000E+00  0.000000E+00  0.000000E+00  0.524698E+07
  0.512718E-01  0.517661E+07  0.514613E+07  0.000000E+00  0.000000E+00  0.000000E+00  0.517180E+07
  0.521334E-01  0.510317E+07  0.507389E+07  0.000000E+00  0.000000E+00  0.000000E+00  0.509855E+07
  0.530096E-01  0.503156E+07  0.500350E+07  0.000000E+00  0.000000E+00  0.000000E+00  0.502714E+07
  0.539005E-01  0.496168E+07  0.493484E+07  0.000000E+00  0.000000E+00  0.000000E+00  0.495745E+07
  0.548064E-01  0.489339E+07  0.486776E+07  0.000000E+00  0.000000E+00  0.000000E+00  0.488934E+07
  0.557275E-01  0.482654E+07  0.480211E+07  0.000000E+00  0.000000E+00  0.000000E+00  0.482269E+07
  0.566640E-01  0.476098E+07  0.473774E+07  0.000000E+00  0.000000E+00  0.000000E+00  0.475731E+07
  0.576164E-01  0.469654E+07  0.467446E+07  0.000000E+00  0.000000E+00  0.000000E+00  0.469306E+07
  0.589742E-01  0.460805E+07  0.458753E+07  0.000000E+00  0.000000E+00  0.000000E+00  0.460481E+07
  0.603321E-01  0.452295E+07  0.450387E+07  0.000000E+00  0.000000E+00  0.000000E+00  0.451994E+07
  0.616900E-01  0.444061E+07  0.442285E+07  0.000000E+00  0.000000E+00  0.000000E+00  0.443781E+07
  0.630478E-01  0.436046E+07  0.434387E+07  0.000000E+00  0.000000E+00  0.000000E+00  0.435784E+07
  0.644057E-01  0.428194E+07  0.426638E+07  0.000000E+00  0.000000E+00  0.000000E+00  0.427948E+07
  0.657635E-01  0.420456E+07  0.418988E+07  0.000000E+00  0.000000E+00  0.000000E+00  0.420225E+07
  0.671214E-01  0.412796E+07  0.411400E+07  0.000000E+00  0.000000E+00  0.000000E+00  0.412576E+07
  0.684793E-01  0.405186E+07  0.403848E+07  0.000000E+00  0.000000E+00  0.000000E+00  0.404975E+07
  0.698371E-01  0.397611E+07  0.396316E+07  0.000000E+00  0.000000E+00  0.000000E+00  0.397407E+07
  0.711950E-01  0.390059E+07  0.388795E+07  0.000000E+00  0.000000E+00  0.000000E+00  0.389860E+07
  0.725528E-01  0.382522E+07  0.381275E+07  0.000000E+00  0.000000E+00  0.000000E+00  0.382326E+07
  0.739107E-01  0.374992E+07  0.373751E+07  0.000000E+00  0.000000E+00  0.000000E+00  0.374797E+07
  0.752686E-01  0.367465E+07  0.366218E+07  0.000000E+00  0.000000E+00  0.000000E+00  0.367268E+07
  0.766264E-01  0.359946E+07  0.358686E+07  0.000000E+00  0.000000E+00  0.000000E+00  0.359748E+07
  0.779843E-01  0.352454E+07  0.351172E+07  0.000000E+00  0.000000E+00  0.000000E+00  0.352252E+07
  0.793422E-01  0.345008E+07  0.343698E+07  0.000000E+00  0.000000E+00  0.000000E+00  0.344801E+07
  0.807000E-01  0.337631E+07  0.336287E+07  0.000000E+00  0.000000E+00  0.000000E+00  0.337419E+07
  0.820579E-01  0.330341E+07  0.328961E+07  0.000000E+00  0.000000E+00  0.000000E+00  0.330123E+07
  0.834157E-01  0.323155E+07  0.321737E+07  0.000000E+00  0.000000E+00  0.000000E+00  0.322931E+07
  0.847736E-01  0.316091E+07  0.314634E+07  0.000000E+00  0.000000E+00  0.000000E+00  0.315861E+07
  0.861315E-01  0.309165E+07  0.307670E+07  0.000000E+00  0.000000E+00  0.000000E+00  0.308929E+07
  0.874893E-01  0.302400E+07  0.300869E+07  0.000000E+00  0.000000E+00  0.000000E+00  0.302158E+07
  0.888472E-01  0.295817E+07  0.294253E+07  0.000000E+00  0.000000E+00  0.000000E+00  0.295570E+07
  0.902051E-01  0.289436E+07  0.287844E+07  0.000000E+00  0.000000E+00  0.000000E+00  0.289185E+07
  0.915629E-01  0.283276E+07  0.281660E+07  0.000000E+00  0.000000E+00  0.000000E+00  0.283021E+07
  0.929208E-01  0.277351E+07  0.275717E+07  0.000000E+00  0.000000E+00  0.000000E+00  0.277093E+07
  0.942786E-01  0.271673E+07  0.270028E+07  0.000000E+00  0.000000E+00  0.000000E+00  0.271413E+07
  0.956365E-01  0.266252E+07  0.264602E+07  0.000000E+00  0.000000E+00  0.000000E+00  0.265992E+07
  0.969944E-01  0.261095E+07  0.259446E+07  0.000000E+00  0.000000E+00  0.000000E+00  0.260835E+07
  0.983522E-01  0.256204E+07  0.254564E+07  0.000000E+00  0.000000E+00  0.000000E+00  0.255946E+07
  0.997101E-01  0.251579E+07  0.249954E+07  0.000000E+00  0.000000E+00  0.000000E+00  0.251323E+07
  0.101068E+00  0.247214E+07  0.245611E+07  0.000000E+00  0.000000E+00  0.000000E+00  0.246962E+07
  0.102426E+00  0.243102E+07  0.241527E+07  0.000000E+00  0.000000E+00  0.000000E+00  0.242853E+07
  0.103784E+00  0.239231E+07  0.237690E+07  0.000000E+00  0.000000E+00  0.000000E+00  0.238988E+07
  0.105142E+00  0.235592E+07  0.234090E+07  0.000000E+00  0.000000E+00  0.000000E+00  0.235355E+07
  0.106499E+00  0.232174E+07  0.230716E+07  0.000000E+00  0.000000E+00  0.000000E+00  0.231944E+07
  0.107857E+00  0.228963E+07  0.227553E+07  0.000000E+00  0.000000E+00  0.000000E+00  0.228741E+07
  0.109215E+00  0.225944E+07  0.224585E+07  0.000000E+00  0.000000E+00  0.000000E+00  0.225730E+07
  0.110573E+00  0.223100E+07  0.221794E+07  0.000000E+00  0.000000E+00  0.000000E+00  0.222894E+07
  0.111931E+00  0.220410E+07  0.219159E+07  0.000000E+00  0.000000E+00  0.000000E+00  0.220212E+07
  0.113289E+00  0.217854E+07  0.216658E+07  0.000000E+00  0.000000E+00  0.000000E+00  0.217665E+07
  0.114647E+00  0.215412E+07  0.214272E+07  0.000000E+00  0.000000E+00  0.000000E+00  0.215232E+07
  0.116004E+00  0.213064E+07  0.211979E+07  0.000000E+00  0.000000E+00  0.000000E+00  0.212893E+07
  0.117362E+00  0.210792E+07  0.209760E+07  0.000000E+00  0.000000E+00  0.000000E+00  0.210629E+07
  0.118720E+00  0.208578E+07  0.207598E+07  0.000000E+00  0.000000E+00  0.000000E+00  0.208424E+07
  0.120078E+00  0.206406E+07  0.205474E+07  0.000000E+00  0.000000E+00  0.000000E+00  0.206259E+07
  0.121436E+00  0.204259E+07  0.203372E+07  0.000000E+00  0.000000E+00  0.000000E+00  0.204119E+07
  0.122794E+00  0.202124E+07  0.201278E+07  0.000000E+00  0.000000E+00  0.000000E+00  0.201990E+07
  0.124152E+00  0.199987E+07  0.199179E+07  0.000000E+00  0.000000E+00  0.000000E+00  0.199859E+07
  0.125509E+00  0.197838E+07  0.197063E+07  0.000000E+00  0.000000E+00  0.000000E+00  0.197715E+07
  0.126867E+00  0.195669E+07  0.194922E+07  0.000000E+00  0.000000E+00  0.000000E+00  0.195551E+07
  0.128225E+00  0.193473E+07  0.192750E+07  0.000000E+00  0.000000E+00  0.000000E+00  0.193359E+07
  0.129583E+00  0.191245E+07  0.190542E+07  0.000000E+00  0.000000E+00  0.000000E+00  0.191134E+07
  0.130941E+00  0.188981E+07  0.188293E+07  0.000000E+00  0.000000E+00  0.000000E+00  0.188873E+07
  0.132299E+00  0.186680E+07  0.186002E+07  0.000000E+00  0.000000E+00  0.000000E+00  0.186573E+07
  0.133657E+00  0.184340E+07  0.183668E+07  0.000000E+00  0.000000E+00  0.000000E+00  0.184234E+07
  0.135014E+00  0.181964E+07  0.181294E+07  0.000000E+00  0.000000E+00  0.000000E+00  0.181858E+07
  0.136372E+00  0.179554E+07  0.178882E+07  0.000000E+00  0.000000E+00  0.000000E+00  0.179448E+07
  0.137730E+00  0.177116E+07  0.176440E+07  0.000000E+00  0.000000E+00  0.000000E+00  0.177009E+07
  0.139088E+00  0.174657E+07  0.173973E+07  0.000000E+00  0.000000E+00  0.000000E+00  0.174549E+07
  0.140446E+00  0.172184E+07  0.171491E+07  0.000000E+00  0.000000E+00  0.000000E+00  0.172075E+07
  0.141804E+00  0.169707E+07  0.169003E+07  0.000000E+00  0.000000E+00  0.000000E+00  0.169596E+07
  0.143162E+00  0.167234E+07  0.166516E+07  0.000000E+00  0.000000E+00  0.000000E+00  0.167121E+07
  0.144520E+00  0.164772E+07  0.164041E+07  0.000000E+00  0.000000E+00  0.000000E+00  0.164657E+07
  0.145877E+00  0.162330E+07  0.161584E+07  0.000000E+00  0.000000E+00  0.000000E+00  0.162212E+07
  0.147235E+00  0.159916E+07  0.159156E+07  0.000000E+00  0.000000E+00  0.000000E+00  0.159796E+07
  0.148593E+00  0.157538E+07  0.156765E+07  0.000000E+00  0.000000E+00  0.000000E+00  0.157416E+07
  0.149951E+00  0.155206E+07  0.154419E+07  0.000000E+00  0.000000E+00  0.000000E+00  0.155081E+07
  0.151309E+00  0.152925E+07  0.152128E+07  0.000000E+00  0.000000E+00  0.000000E+00  0.152799E+07
  0.152667E+00  0.150705E+07  0.149897E+07  0.000000E+00  0.000000E+00  0.000000E+00  0.150578E+07
  0.154025E+00  0.148551E+07  0.147735E+07  0.000000E+00  0.000000E+00  0.000000E+00  0.148422E+07
  0.155382E+00  0.146469E+07  0.145648E+07  0.000000E+00  0.000000E+00  0.000000E+00  0.146340E+07
  0.156740E+00  0.144464E+07  0.143639E+07  0.000000E+00  0.000000E+00  0.000000E+00  0.144334E+07
  0.158098E+00  0.142539E+07  0.141712E+07  0.000000E+00  0.000000E+00  0.000000E+00  0.142408E+07
  0.159456E+00  0.140695E+07  0.139869E+07  0.000000E+00  0.000000E+00  0.000000E+00  0.140565E+07
  0.160814E+00  0.138935E+07  0.138113E+07  0.000000E+00  0.000000E+00  0.000000E+00  0.138805E+07
  0.162172E+00  0.137257E+07  0.136441E+07  0.000000E+00  0.000000E+00  0.000000E+00  0.137128E+07
  0.163530E+00  0.135661E+07  0.134853E+07  0.000000E+00  0.000000E+00  0.000000E+00  0.135534E+07
  0.164887E+00  0.134144E+07  0.133347E+07  0.000000E+00  0.000000E+00  0.000000E+00  0.134019E+07
  0.166245E+00  0.132705E+07  0.131920E+07  0.000000E+00  0.000000E+00  0.000000E+00  0.132581E+07
  0.167603E+00  0.131338E+07  0.130568E+07  0.000000E+00  0.000000E+00  0.000000E+00  0.131217E+07
  0.168961E+00  0.130041E+07  0.129287E+07  0.000000E+00  0.000000E+00  0.000000E+00  0.129922E+07
  0.170319E+00  0.128809E+07  0.128072E+07  0.000000E+00  0.000000E+00  0.000000E+00  0.128693E+07
  0.171677E+00  0.127636E+07  0.126918E+07  0.000000E+00  0.000000E+00  0.000000E+00  0.127523E+07
  0.173035E+00  0.126516E+07  0.125818E+07  0.000000E+00  0.000000E+00  0.000000E+00  0.126406E+07
  0.174392E+00  0.125444E+07  0.124766E+07  0.000000E+00  0.000000E+00  0.000000E+00  0.125337E+07
  0.175750E+00  0.124412E+07  0.123754E+07  0.000000E+00  0.000000E+00  0.000000E+00  0.124308E+07
  0.177108E+00  0.123413E+07  0.122776E+07  0.000000E+00  0.000000E+00  0.000000E+00  0.123313E+07
  0.178466E+00  0.122442E+07  0.121826E+07  0.000000E+00  0.000000E+00  0.000000E+00  0.122345E+07
  0.179824E+00  0.121492E+07  0.120896E+07  0.000000E+00  0.000000E+00  0.000000E+00  0.121398E+07
  0.181182E+00  0.120557E+07  0.119980E+07  0.000000E+00  0.000000E+00  0.000000E+00  0.120466E+07
  0.182540E+00  0.119631E+07  0.119073E+07  0.000000E+00  0.000000E+00  0.000000E+00  0.119543E+07
  0.183898E+00  0.118709E+07  0.118168E+07  0.000000E+00  0.000000E+00  0.000000E+00  0.118624E+07
  0.185255E+00  0.117786E+07  0.117262E+07  0.000000E+00  0.000000E+00  0.000000E+00  0.117704E+07
  0.186613E+00  0.116859E+07  0.116349E+07  0.000000E+00  0.000000E+00  0.000000E+00  0.116778E+07
  0.187971E+00  0.115923E+07  0.115427E+07  0.000000E+00  0.000000E+00  0.000000E+00  0.115845E+07
  0.189329E+00  0.114977E+07  0.114492E+07  0.000000E+00  0.000000E+00  0.000000E+00  0.114901E+07
  0.190687E+00  0.114018E+07  0.113544E+07  0.000000E+00  0.000000E+00  0.000000E+00  0.113944E+07
  0.192045E+00  0.113045E+07  0.112579E+07  0.000000E+00  0.000000E+00  0.000000E+00  0.112971E+07
  0.193403E+00  0.112055E+07  0.111596E+07  0.000000E+00  0.000000E+00  0.000000E+00  0.111982E+07
  0.194760E+00  0.111048E+07  0.110594E+07  0.000000E+00  0.000000E+00  0.000000E+00  0.110976E+07
  0.196118E+00  0.110024E+07  0.109574E+07  0.000000E+00  0.000000E+00  0.000000E+00  0.109953E+07
  0.197476E+00  0.108985E+07  0.108537E+07  0.000000E+00  0.000000E+00  0.000000E+00  0.108914E+07
  0.198834E+00  0.107931E+07  0.107484E+07  0.000000E+00  0.000000E+00  0.000000E+00  0.107861E+07
  0.200192E+00  0.106865E+07  0.106418E+07  0.000000E+00  0.000000E+00  0.000000E+00  0.106795E+07
  0.201550E+00  0.105790E+07  0.105341E+07  0.000000E+00  0.000000E+00  0.000000E+00  0.105719E+07
  0.202908E+00  0.104707E+07  0.104257E+07  0.000000E+00  0.000000E+00  0.000000E+00  0.104636E+07
  0.204265E+00  0.103620E+07  0.103166E+07  0.000000E+00  0.000000E+00  0.000000E+00  0.103548E+07
  0.205623E+00  0.102531E+07  0.102074E+07  0.000000E+00  0.000000E+00  0.000000E+00  0.102459E+07
  0.206981E+00  0.101444E+07  0.100983E+07  0.000000E+00  0.000000E+00  0.000000E+00  0.101371E+07
  0.208339E+00  0.100361E+07  0.998969E+06  0.000000E+00  0.000000E+00  0.000000E+00  0.100288E+07
  0.209697E+00  0.992872E+06  0.988185E+06  0.000000E+00  0.000000E+00  0.000000E+00  0.992132E+06
  0.211055E+00  0.982241E+06  0.977513E+06  0.000000E+00  0.000000E+00  0.000000E+00  0.981494E+06
  0.212413E+00  0.971751E+06  0.966984E+06  0.000000E+00  0.000000E+00  0.000000E+00  0.970999E+06
  0.213770E+00  0.961432E+06  0.956631E+06  0.000000E+00  0.000000E+00  0.000000E+00  0.960675E+06
  0.215128E+00  0.951314E+06  0.946482E+06  0.000000E+00  0.000000E+00  0.000000E+00  0.950551E+06
  0.219388E+00  0.921135E+06  0.916250E+06  0.000000E+00  0.000000E+00  0.000000E+00  0.920364E+06
  0.223732E+00  0.893195E+06  0.888335E+06  0.000000E+00  0.000000E+00  0.000000E+00  0.892428E+06
  0.228163E+00  0.867833E+06  0.863088E+06  0.000000E+00  0.000000E+00  0.000000E+00  0.867084E+06
  0.232680E+00  0.845029E+06  0.840482E+06  0.000000E+00  0.000000E+00  0.000000E+00  0.844312E+06
  0.237288E+00  0.824421E+06  0.820131E+06  0.000000E+00  0.000000E+00  0.000000E+00  0.823744E+06
  0.241986E+00  0.805329E+06  0.801324E+06  0.000000E+00  0.000000E+00  0.000000E+00  0.804697E+06
  0.246778E+00  0.786901E+06  0.783169E+06  0.000000E+00  0.000000E+00  0.000000E+00  0.786312E+06
  0.251665E+00  0.768358E+06  0.764855E+06  0.000000E+00  0.000000E+00  0.000000E+00  0.767805E+06
  0.256648E+00  0.749087E+06  0.745746E+06  0.000000E+00  0.000000E+00  0.000000E+00  0.748560E+06
  0.261730E+00  0.728775E+06  0.725523E+06  0.000000E+00  0.000000E+00  0.000000E+00  0.728262E+06
  0.266913E+00  0.707533E+06  0.704307E+06  0.000000E+00  0.000000E+00  0.000000E+00  0.707024E+06
  0.272198E+00  0.685793E+06  0.682554E+06  0.000000E+00  0.000000E+00  0.000000E+00  0.685282E+06
  0.277588E+00  0.664184E+06  0.660924E+06  0.000000E+00  0.000000E+00  0.000000E+00  0.663670E+06
  0.283084E+00  0.643408E+06  0.640150E+06  0.000000E+00  0.000000E+00  0.000000E+00  0.642894E+06
  0.288690E+00  0.623999E+06  0.620785E+06  0.000000E+00  0.000000E+00  0.000000E+00  0.623491E+06
  0.294406E+00  0.606187E+06  0.603067E+06  0.000000E+00  0.000000E+00  0.000000E+00  0.605695E+06
  0.300236E+00  0.589888E+06  0.586904E+06  0.000000E+00  0.000000E+00  0.000000E+00  0.589417E+06
  0.306181E+00  0.574681E+06  0.571852E+06  0.000000E+00  0.000000E+00  0.000000E+00  0.574235E+06
  0.312244E+00  0.560000E+06  0.557321E+06  0.000000E+00  0.000000E+00  0.000000E+00  0.559578E+06
  0.318426E+00  0.545312E+06  0.542756E+06  0.000000E+00  0.000000E+00  0.000000E+00  0.544909E+06
  0.324732E+00  0.530263E+06  0.527791E+06  0.000000E+00  0.000000E+00  0.000000E+00  0.529873E+06
  0.331162E+00  0.514818E+06  0.512394E+06  0.000000E+00  0.000000E+00  0.000000E+00  0.514436E+06
  0.337719E+00  0.499211E+06  0.496813E+06  0.000000E+00  0.000000E+00  0.000000E+00  0.498833E+06
  0.344407E+00  0.483856E+06  0.481482E+06  0.000000E+00  0.000000E+00  0.000000E+00  0.483482E+06
  0.351226E+00  0.469170E+06  0.466835E+06  0.000000E+00  0.000000E+00  0.000000E+00  0.468801E+06
  0.358181E+00  0.455390E+06  0.453117E+06  0.000000E+00  0.000000E+00  0.000000E+00  0.455031E+06
  0.365274E+00  0.442522E+06  0.440333E+06  0.000000E+00  0.000000E+00  0.000000E+00  0.442176E+06
  0.372506E+00  0.430324E+06  0.428227E+06  0.000000E+00  0.000000E+00  0.000000E+00  0.429993E+06
  0.379883E+00  0.418466E+06  0.416457E+06  0.000000E+00  0.000000E+00  0.000000E+00  0.418149E+06
  0.387405E+00  0.406652E+06  0.404713E+06  0.000000E+00  0.000000E+00  0.000000E+00  0.406346E+06
  0.395076E+00  0.394778E+06  0.392890E+06  0.000000E+00  0.000000E+00  0.000000E+00  0.394480E+06
  0.402899E+00  0.382923E+06  0.381074E+06  0.000000E+00  0.000000E+00  0.000000E+00  0.382632E+06
  0.410877E+00  0.371316E+06  0.369504E+06  0.000000E+00  0.000000E+00  0.000000E+00  0.371030E+06
  0.419013E+00  0.360166E+06  0.358397E+06  0.000000E+00  0.000000E+00  0.000000E+00  0.359886E+06
  0.427310E+00  0.349575E+06  0.347861E+06  0.000000E+00  0.000000E+00  0.000000E+00  0.349305E+06
  0.435771E+00  0.339478E+06  0.337824E+06  0.000000E+00  0.000000E+00  0.000000E+00  0.339217E+06
  0.444400E+00  0.329711E+06  0.328117E+06  0.000000E+00  0.000000E+00  0.000000E+00  0.329460E+06
  0.453200E+00  0.320110E+06  0.318568E+06  0.000000E+00  0.000000E+00  0.000000E+00  0.319866E+06
  0.462174E+00  0.310607E+06  0.309109E+06  0.000000E+00  0.000000E+00  0.000000E+00  0.310371E+06
  0.471325E+00  0.301256E+06  0.299795E+06  0.000000E+00  0.000000E+00  0.000000E+00  0.301025E+06
  0.480658E+00  0.292163E+06  0.290740E+06  0.000000E+00  0.000000E+00  0.000000E+00  0.291938E+06
  0.490176E+00  0.283415E+06  0.282033E+06  0.000000E+00  0.000000E+00  0.000000E+00  0.283197E+06
  0.499882E+00  0.275010E+06  0.273673E+06  0.000000E+00  0.000000E+00  0.000000E+00  0.274799E+06
  0.509780E+00  0.266877E+06  0.265584E+06  0.000000E+00  0.000000E+00  0.000000E+00  0.266673E+06
  0.519875E+00  0.258936E+06  0.257683E+06  0.000000E+00  0.000000E+00  0.000000E+00  0.258738E+06
  0.530169E+00  0.251151E+06  0.249935E+06  0.000000E+00  0.000000E+00  0.000000E+00  0.250959E+06
  0.540667E+00  0.243548E+06  0.242367E+06  0.000000E+00  0.000000E+00  0.000000E+00  0.243362E+06
  0.551373E+00  0.236177E+06  0.235029E+06  0.000000E+00  0.000000E+00  0.000000E+00  0.235996E+06
  0.562291E+00  0.229055E+06  0.227943E+06  0.000000E+00  0.000000E+00  0.000000E+00  0.228880E+06
  0.573425E+00  0.222162E+06  0.221084E+06  0.000000E+00  0.000000E+00  0.000000E+00  0.221992E+06
  0.584779E+00  0.215458E+06  0.214414E+06  0.000000E+00  0.000000E+00  0.000000E+00  0.215293E+06
  0.596359E+00  0.208920E+06  0.207908E+06  0.000000E+00  0.000000E+00  0.000000E+00  0.208761E+06
  0.608168E+00  0.202556E+06  0.201573E+06  0.000000E+00  0.000000E+00  0.000000E+00  0.202401E+06
  0.620210E+00  0.196380E+06  0.195427E+06  0.000000E+00  0.000000E+00  0.000000E+00  0.196230E+06
  0.632491E+00  0.190398E+06  0.189475E+06  0.000000E+00  0.000000E+00  0.000000E+00  0.190253E+06
  0.645015E+00  0.184596E+06  0.183701E+06  0.000000E+00  0.000000E+00  0.000000E+00  0.184454E+06
  0.720817E+00  0.154705E+06  0.153955E+06  0.000000E+00  0.000000E+00  0.000000E+00  0.154587E+06
  0.805527E+00  0.129455E+06  0.128827E+06  0.000000E+00  0.000000E+00  0.000000E+00  0.129356E+06
  0.900191E+00  0.108166E+06  0.107642E+06  0.000000E+00  0.000000E+00  0.000000E+00  0.108083E+06
  0.100598E+01  0.902538E+05  0.898165E+05  0.000000E+00  0.000000E+00  0.000000E+00  0.901848E+05
  0.112420E+01  0.752075E+05  0.748432E+05  0.000000E+00  0.000000E+00  0.000000E+00  0.751500E+05
  0.125632E+01  0.625919E+05  0.622887E+05  0.000000E+00  0.000000E+00  0.000000E+00  0.625440E+05
  0.140396E+01  0.520299E+05  0.517779E+05  0.000000E+00  0.000000E+00  0.000000E+00  0.519901E+05
  0.156895E+01  0.432015E+05  0.429923E+05  0.000000E+00  0.000000E+00  0.000000E+00  0.431685E+05
  0.175333E+01  0.358325E+05  0.356589E+05  0.000000E+00  0.000000E+00  0.000000E+00  0.358051E+05
  0.195938E+01  0.296900E+05  0.295462E+05  0.000000E+00  0.000000E+00  0.000000E+00  0.296673E+05
  0.218965E+01  0.245765E+05  0.244574E+05  0.000000E+00  0.000000E+00  0.000000E+00  0.245577E+05
  0.244697E+01  0.203247E+05  0.202263E+05  0.000000E+00  0.000000E+00  0.000000E+00  0.203092E+05
  0.273454E+01  0.167936E+05  0.167123E+05  0.000000E+00  0.000000E+00  0.000000E+00  0.167808E+05
  0.305590E+01  0.138643E+05  0.137971E+05  0.000000E+00  0.000000E+00  0.000000E+00  0.138537E+05
  0.341503E+01  0.114367E+05  0.113813E+05  0.000000E+00  0.000000E+00  0.000000E+00  0.114280E+05
  0.381636E+01  0.942692E+04  0.938123E+04  0.000000E+00  0.000000E+00  0.000000E+00  0.941971E+04
  0.426485E+01  0.776457E+04  0.772693E+04  0.000000E+00  0.000000E+00  0.000000E+00  0.775863E+04
  0.476605E+01  0.639087E+04  0.635987E+04  0.000000E+00  0.000000E+00  0.000000E+00  0.638598E+04
  0.532616E+01  0.525665E+04  0.523114E+04  0.000000E+00  0.000000E+00  0.000000E+00  0.525262E+04
  0.595208E+01  0.432094E+04  0.429995E+04  0.000000E+00  0.000000E+00  0.000000E+00  0.431762E+04
  0.665156E+01  0.354958E+04  0.353232E+04  0.000000E+00  0.000000E+00  0.000000E+00  0.354686E+04
  0.743325E+01  0.291420E+04  0.290001E+04  0.000000E+00  0.000000E+00  0.000000E+00  0.291196E+04
  0.830680E+01  0.239118E+04  0.237953E+04  0.000000E+00  0.000000E+00  0.000000E+00  0.238934E+04
  0.928301E+01  0.196096E+04  0.195138E+04  0.000000E+00  0.000000E+00  0.000000E+00  0.195945E+04
  0.103739E+02  0.160730E+04  0.159943E+04  0.000000E+00  0.000000E+00  0.000000E+00  0.160605E+04
