  0.735943E-04  0.199059E+08  0.199059E+08  0.258342E+08  0.258331E+08  0.000000E+00  0.199059E+08
  0.869415E-04  0.199054E+08  0.199054E+08  0.255585E+08  0.255571E+08  0.000000E+00  0.199054E+08
  0.102709E-03  0.199046E+08  0.199046E+08  0.251783E+08  0.251763E+08  0.000000E+00  0.199046E+08
  0.121337E-03  0.199036E+08  0.199036E+08  0.246562E+08  0.246536E+08  0.000000E+00  0.199036E+08
  0.143342E-03  0.199021E+08  0.199021E+08  0.239442E+08  0.239406E+08  0.000000E+00  0.199021E+08
  0.169339E-03  0.199001E+08  0.199001E+08  0.229819E+08  0.229772E+08  0.000000E+00  0.199001E+08
  0.200050E-03  0.198973E+08  0.198972E+08  0.216981E+08  0.216920E+08  0.000000E+00  0.198973E+08
  0.236331E-03  0.198933E+08  0.198933E+08  0.200163E+08  0.200087E+08  0.000000E+00  0.198933E+08
  0.279193E-03  0.198879E+08  0.198879E+08  0.178696E+08  0.178605E+08  0.000000E+00  0.198879E+08
  0.329827E-03  0.198805E+08  0.198805E+08  0.152289E+08  0.152189E+08  0.000000E+00  0.198805E+08
  0.389645E-03  0.198703E+08  0.198703E+08  0.121500E+08  0.121402E+08  0.000000E+00  0.198703E+08
  0.460311E-03  0.198565E+08  0.198565E+08  0.883117E+07  0.882348E+07  0.000000E+00  0.198565E+08
  0.543793E-03  0.198379E+08  0.198379E+08  0.565254E+07  0.564910E+07  0.000000E+00  0.198379E+08
  0.642415E-03  0.198132E+08  0.198131E+08  0.312190E+07  0.312363E+07  0.000000E+00  0.198131E+08
  0.758924E-03  0.197805E+08  0.197805E+08  0.163929E+07  0.164383E+07  0.000000E+00  0.197805E+08
  0.896563E-03  0.197381E+08  0.197380E+08  0.112327E+07  0.112528E+07  0.000000E+00  0.197381E+08
  0.105916E-02  0.196836E+08  0.196834E+08  0.916564E+06  0.913890E+06  0.000000E+00  0.196835E+08
  0.125125E-02  0.196141E+08  0.196139E+08  0.499271E+06  0.498191E+06  0.000000E+00  0.196140E+08
  0.147818E-02  0.195263E+08  0.195260E+08  0.206459E+06  0.208747E+06  0.000000E+00  0.195262E+08
  0.174627E-02  0.194162E+08  0.194159E+08  0.184221E+06  0.182482E+06  0.000000E+00  0.194162E+08
  0.206297E-02  0.192795E+08  0.192790E+08  0.517452E+05  0.530477E+05  0.000000E+00  0.192794E+08
  0.243711E-02  0.191108E+08  0.191101E+08  0.512317E+05  0.492200E+05  0.000000E+00  0.191107E+08
  0.287911E-02  0.189047E+08  0.189037E+08  0.138719E+05  0.108897E+05  0.000000E+00  0.189045E+08
  0.340126E-02  0.186550E+08  0.186536E+08  0.000000E+00  0.000000E+00  0.000000E+00  0.186548E+08
  0.401812E-02  0.183552E+08  0.183534E+08  0.000000E+00  0.000000E+00  0.000000E+00  0.183549E+08
  0.474684E-02  0.179987E+08  0.179962E+08  0.000000E+00  0.000000E+00  0.000000E+00  0.179983E+08
  0.482662E-02  0.179597E+08  0.179571E+08  0.000000E+00  0.000000E+00  0.000000E+00  0.179593E+08
  0.490774E-02  0.179200E+08  0.179173E+08  0.000000E+00  0.000000E+00  0.000000E+00  0.179196E+08
  0.499022E-02  0.178797E+08  0.178769E+08  0.000000E+00  0.000000E+00  0.000000E+00  0.178792E+08
  0.507409E-02  0.178387E+08  0.178359E+08  0.000000E+00  0.000000E+00  0.000000E+00  0.178383E+08
  0.515936E-02  0.177971E+08  0.177941E+08  0.000000E+00  0.000000E+00  0.000000E+00  0.177966E+08
  0.524607E-02  0.177547E+08  0.177517E+08  0.000000E+00  0.000000E+00  0.000000E+00  0.177543E+08
  0.533424E-02  0.177118E+08  0.177086E+08  0.000000E+00  0.000000E+00  0.000000E+00  0.177113E+08
  0.542389E-02  0.176681E+08  0.176649E+08  0.000000E+00  0.000000E+00  0.000000E+00  0.176676E+08
  0.551504E-02  0.176237E+08  0.176204E+08  0.000000E+00  0.000000E+00  0.000000E+00  0.176232E+08
  0.560773E-02  0.175787E+08  0.175752E+08  0.000000E+00  0.000000E+00  0.000000E+00  0.175781E+08
  0.570198E-02  0.175329E+08  0.175294E+08  0.000000E+00  0.000000E+00  0.000000E+00  0.175323E+08
  0.579781E-02  0.174864E+08  0.174828E+08  0.000000E+00  0.000000E+00  0.000000E+00  0.174859E+08
  0.589525E-02  0.174392E+08  0.174355E+08  0.000000E+00  0.000000E+00  0.000000E+00  0.174386E+08
  0.599432E-02  0.173913E+08  0.173874E+08  0.000000E+00  0.000000E+00  0.000000E+00  0.173907E+08
  0.609507E-02  0.173427E+08  0.173387E+08  0.000000E+00  0.000000E+00  0.000000E+00  0.173420E+08
  0.619750E-02  0.172933E+08  0.172892E+08  0.000000E+00  0.000000E+00  0.000000E+00  0.172926E+08
  0.630166E-02  0.172432E+08  0.172389E+08  0.000000E+00  0.000000E+00  0.000000E+00  0.172425E+08
  0.640757E-02  0.171923E+08  0.171879E+08  0.000000E+00  0.000000E+00  0.000000E+00  0.171916E+08
  0.651525E-02  0.171407E+08  0.171361E+08  0.000000E+00  0.000000E+00  0.000000E+00  0.171399E+08
  0.662475E-02  0.170883E+08  0.170836E+08  0.000000E+00  0.000000E+00  0.000000E+00  0.170875E+08
  0.673609E-02  0.170351E+08  0.170302E+08  0.000000E+00  0.000000E+00  0.000000E+00  0.170343E+08
  0.684930E-02  0.169811E+08  0.169761E+08  0.000000E+00  0.000000E+00  0.000000E+00  0.169804E+08
  0.696441E-02  0.169264E+08  0.169212E+08  0.000000E+00  0.000000E+00  0.000000E+00  0.169256E+08
  0.708146E-02  0.168709E+08  0.168656E+08  0.000000E+00  0.000000E+00  0.000000E+00  0.168700E+08
  0.720047E-02  0.168146E+08  0.168091E+08  0.000000E+00  0.000000E+00  0.000000E+00  0.168137E+08
  0.732148E-02  0.167574E+08  0.167518E+08  0.000000E+00  0.000000E+00  0.000000E+00  0.167565E+08
  0.744453E-02  0.166995E+08  0.166937E+08  0.000000E+00  0.000000E+00  0.000000E+00  0.166986E+08
  0.756965E-02  0.166407E+08  0.166347E+08  0.000000E+00  0.000000E+00  0.000000E+00  0.166398E+08
  0.769686E-02  0.165811E+08  0.165749E+08  0.000000E+00  0.000000E+00  0.000000E+00  0.165802E+08
  0.782622E-02  0.165207E+08  0.165143E+08  0.000000E+00  0.000000E+00  0.000000E+00  0.165197E+08
  0.795775E-02  0.164595E+08  0.164529E+08  0.000000E+00  0.000000E+00  0.000000E+00  0.164584E+08
  0.809149E-02  0.163974E+08  0.163906E+08  0.000000E+00  0.000000E+00  0.000000E+00  0.163963E+08
  0.822748E-02  0.163344E+08  0.163274E+08  0.000000E+00  0.000000E+00  0.000000E+00  0.163333E+08
  0.836575E-02  0.162706E+08  0.162634E+08  0.000000E+00  0.000000E+00  0.000000E+00  0.162695E+08
  0.850635E-02  0.162060E+08  0.161985E+08  0.000000E+00  0.000000E+00  0.000000E+00  0.162048E+08
  0.864931E-02  0.161404E+08  0.161328E+08  0.000000E+00  0.000000E+00  0.000000E+00  0.161392E+08
  0.879467E-02  0.160740E+08  0.160661E+08  0.000000E+00  0.000000E+00  0.000000E+00  0.160728E+08
  0.894248E-02  0.160067E+08  0.159986E+08  0.000000E+00  0.000000E+00  0.000000E+00  0.160054E+08
  0.909277E-02  0.159385E+08  0.159301E+08  0.000000E+00  0.000000E+00  0.000000E+00  0.159372E+08
  0.924559E-02  0.158694E+08  0.158608E+08  0.000000E+00  0.000000E+00  0.000000E+00  0.158681E+08
  0.940097E-02  0.157994E+08  0.157905E+08  0.000000E+00  0.000000E+00  0.000000E+00  0.157980E+08
  0.955897E-02  0.157285E+08  0.157193E+08  0.000000E+00  0.000000E+00  0.000000E+00  0.157271E+08
  0.971962E-02  0.156567E+08  0.156473E+08  0.000000E+00  0.000000E+00  0.000000E+00  0.156552E+08
  0.988297E-02  0.155840E+08  0.155742E+08  0.000000E+00  0.000000E+00  0.000000E+00  0.155824E+08
  0.100491E-01  0.155103E+08  0.155003E+08  0.000000E+00  0.000000E+00  0.000000E+00  0.155087E+08
  0.102180E-01  0.154357E+08  0.154254E+08  0.000000E+00  0.000000E+00  0.000000E+00  0.154341E+08
  0.103897E-01  0.153601E+08  0.153495E+08  0.000000E+00  0.000000E+00  0.000000E+00  0.153585E+08
  0.105643E-01  0.152836E+08  0.152727E+08  0.000000E+00  0.000000E+00  0.000000E+00  0.152819E+08
  0.107418E-01  0.152062E+08  0.151949E+08  0.000000E+00  0.000000E+00  0.000000E+00  0.152044E+08
  0.109224E-01  0.151278E+08  0.151162E+08  0.000000E+00  0.000000E+00  0.000000E+00  0.151260E+08
  0.111059E-01  0.150484E+08  0.150365E+08  0.000000E+00  0.000000E+00  0.000000E+00  0.150465E+08
  0.112926E-01  0.149681E+08  0.149558E+08  0.000000E+00  0.000000E+00  0.000000E+00  0.149662E+08
  0.114824E-01  0.148868E+08  0.148741E+08  0.000000E+00  0.000000E+00  0.000000E+00  0.148848E+08
  0.116753E-01  0.148045E+08  0.147915E+08  0.000000E+00  0.000000E+00  0.000000E+00  0.148024E+08
  0.118716E-01  0.147212E+08  0.147078E+08  0.000000E+00  0.000000E+00  0.000000E+00  0.147191E+08
  0.120711E-01  0.146369E+08  0.146232E+08  0.000000E+00  0.000000E+00  0.000000E+00  0.146347E+08
  0.122740E-01  0.145516E+08  0.145375E+08  0.000000E+00  0.000000E+00  0.000000E+00  0.145494E+08
  0.124802E-01  0.144654E+08  0.144508E+08  0.000000E+00  0.000000E+00  0.000000E+00  0.144631E+08
  0.126900E-01  0.143781E+08  0.143631E+08  0.000000E+00  0.000000E+00  0.000000E+00  0.143757E+08
  0.129033E-01  0.142898E+08  0.142744E+08  0.000000E+00  0.000000E+00  0.000000E+00  0.142874E+08
  0.131201E-01  0.142005E+08  0.141847E+08  0.000000E+00  0.000000E+00  0.000000E+00  0.141980E+08
  0.133406E-01  0.141101E+08  0.140939E+08  0.000000E+00  0.000000E+00  0.000000E+00  0.141076E+08
  0.135648E-01  0.140188E+08  0.140021E+08  0.000000E+00  0.000000E+00  0.000000E+00  0.140162E+08
  0.137928E-01  0.139264E+08  0.139093E+08  0.000000E+00  0.000000E+00  0.000000E+00  0.139237E+08
  0.140246E-01  0.138330E+08  0.138154E+08  0.000000E+00  0.000000E+00  0.000000E+00  0.138303E+08
  0.142603E-01  0.137386E+08  0.137205E+08  0.000000E+00  0.000000E+00  0.000000E+00  0.137357E+08
  0.145000E-01  0.136431E+08  0.136245E+08  0.000000E+00  0.000000E+00  0.000000E+00  0.136402E+08
  0.147437E-01  0.135466E+08  0.135275E+08  0.000000E+00  0.000000E+00  0.000000E+00  0.135436E+08
  0.149914E-01  0.134491E+08  0.134295E+08  0.000000E+00  0.000000E+00  0.000000E+00  0.134460E+08
  0.152434E-01  0.133505E+08  0.133304E+08  0.000000E+00  0.000000E+00  0.000000E+00  0.133474E+08
  0.154996E-01  0.132509E+08  0.132303E+08  0.000000E+00  0.000000E+00  0.000000E+00  0.132477E+08
  0.157601E-01  0.131503E+08  0.131291E+08  0.000000E+00  0.000000E+00  0.000000E+00  0.131470E+08
  0.160249E-01  0.130486E+08  0.130269E+08  0.000000E+00  0.000000E+00  0.000000E+00  0.130452E+08
  0.162943E-01  0.129459E+08  0.129236E+08  0.000000E+00  0.000000E+00  0.000000E+00  0.129424E+08
  0.165681E-01  0.128422E+08  0.128193E+08  0.000000E+00  0.000000E+00  0.000000E+00  0.128386E+08
  0.168466E-01  0.127374E+08  0.127140E+08  0.000000E+00  0.000000E+00  0.000000E+00  0.127337E+08
  0.171297E-01  0.126316E+08  0.126077E+08  0.000000E+00  0.000000E+00  0.000000E+00  0.126279E+08
  0.174176E-01  0.125249E+08  0.125003E+08  0.000000E+00  0.000000E+00  0.000000E+00  0.125210E+08
  0.177103E-01  0.124171E+08  0.123919E+08  0.000000E+00  0.000000E+00  0.000000E+00  0.124131E+08
  0.180079E-01  0.123083E+08  0.122825E+08  0.000000E+00  0.000000E+00  0.000000E+00  0.123042E+08
  0.183106E-01  0.121985E+08  0.121721E+08  0.000000E+00  0.000000E+00  0.000000E+00  0.121944E+08
  0.186183E-01  0.120878E+08  0.120608E+08  0.000000E+00  0.000000E+00  0.000000E+00  0.120835E+08
  0.189312E-01  0.119760E+08  0.119484E+08  0.000000E+00  0.000000E+00  0.000000E+00  0.119717E+08
  0.192494E-01  0.118634E+08  0.118351E+08  0.000000E+00  0.000000E+00  0.000000E+00  0.118589E+08
  0.195729E-01  0.117497E+08  0.117209E+08  0.000000E+00  0.000000E+00  0.000000E+00  0.117452E+08
  0.199019E-01  0.116352E+08  0.116057E+08  0.000000E+00  0.000000E+00  0.000000E+00  0.116306E+08
  0.202363E-01  0.115198E+08  0.114896E+08  0.000000E+00  0.000000E+00  0.000000E+00  0.115150E+08
  0.205764E-01  0.114035E+08  0.113726E+08  0.000000E+00  0.000000E+00  0.000000E+00  0.113986E+08
  0.209222E-01  0.112863E+08  0.112548E+08  0.000000E+00  0.000000E+00  0.000000E+00  0.112813E+08
  0.212739E-01  0.111683E+08  0.111361E+08  0.000000E+00  0.000000E+00  0.000000E+00  0.111632E+08
  0.216314E-01  0.110494E+08  0.110167E+08  0.000000E+00  0.000000E+00  0.000000E+00  0.110443E+08
  0.219950E-01  0.109298E+08  0.108964E+08  0.000000E+00  0.000000E+00  0.000000E+00  0.109246E+08
  0.223646E-01  0.108095E+08  0.107754E+08  0.000000E+00  0.000000E+00  0.000000E+00  0.108041E+08
  0.227405E-01  0.106884E+08  0.106537E+08  0.000000E+00  0.000000E+00  0.000000E+00  0.106829E+08
  0.231227E-01  0.105666E+08  0.105312E+08  0.000000E+00  0.000000E+00  0.000000E+00  0.105610E+08
  0.235113E-01  0.104442E+08  0.104082E+08  0.000000E+00  0.000000E+00  0.000000E+00  0.104385E+08
  0.239064E-01  0.103211E+08  0.102845E+08  0.000000E+00  0.000000E+00  0.000000E+00  0.103154E+08
  0.243082E-01  0.101975E+08  0.101603E+08  0.000000E+00  0.000000E+00  0.000000E+00  0.101917E+08
  0.247167E-01  0.100734E+08  0.100356E+08  0.000000E+00  0.000000E+00  0.000000E+00  0.100675E+08
  0.251321E-01  0.994884E+07  0.991036E+07  0.000000E+00  0.000000E+00  0.000000E+00  0.994279E+07
  0.255545E-01  0.982383E+07  0.978475E+07  0.000000E+00  0.000000E+00  0.000000E+00  0.981769E+07
  0.259840E-01  0.969846E+07  0.965879E+07  0.000000E+00  0.000000E+00  0.000000E+00  0.969222E+07
  0.264207E-01  0.957277E+07  0.953254E+07  0.000000E+00  0.000000E+00  0.000000E+00  0.956645E+07
  0.268647E-01  0.944684E+07  0.940605E+07  0.000000E+00  0.000000E+00  0.000000E+00  0.944042E+07
  0.273162E-01  0.932071E+07  0.927940E+07  0.000000E+00  0.000000E+00  0.000000E+00  0.931422E+07
  0.277753E-01  0.919447E+07  0.915264E+07  0.000000E+00  0.000000E+00  0.000000E+00  0.918790E+07
  0.282421E-01  0.906818E+07  0.902586E+07  0.000000E+00  0.000000E+00  0.000000E+00  0.906152E+07
  0.287167E-01  0.894190E+07  0.889912E+07  0.000000E+00  0.000000E+00  0.000000E+00  0.893518E+07
  0.291993E-01  0.881572E+07  0.877251E+07  0.000000E+00  0.000000E+00  0.000000E+00  0.880893E+07
  0.296901E-01  0.868972E+07  0.864610E+07  0.000000E+00  0.000000E+00  0.000000E+00  0.868286E+07
  0.301891E-01  0.856397E+07  0.851997E+07  0.000000E+00  0.000000E+00  0.000000E+00  0.855705E+07
  0.306964E-01  0.843856E+07  0.839421E+07  0.000000E+00  0.000000E+00  0.000000E+00  0.843159E+07
  0.312123E-01  0.831357E+07  0.826891E+07  0.000000E+00  0.000000E+00  0.000000E+00  0.830655E+07
  0.317369E-01  0.818909E+07  0.814416E+07  0.000000E+00  0.000000E+00  0.000000E+00  0.818203E+07
  0.322703E-01  0.806521E+07  0.802005E+07  0.000000E+00  0.000000E+00  0.000000E+00  0.805811E+07
  0.328126E-01  0.794203E+07  0.789667E+07  0.000000E+00  0.000000E+00  0.000000E+00  0.793490E+07
  0.333641E-01  0.781964E+07  0.777413E+07  0.000000E+00  0.000000E+00  0.000000E+00  0.781248E+07
  0.339248E-01  0.769812E+07  0.765251E+07  0.000000E+00  0.000000E+00  0.000000E+00  0.769095E+07
  0.344950E-01  0.757759E+07  0.753193E+07  0.000000E+00  0.000000E+00  0.000000E+00  0.757041E+07
  0.350747E-01  0.745814E+07  0.741246E+07  0.000000E+00  0.000000E+00  0.000000E+00  0.745096E+07
  0.356642E-01  0.733985E+07  0.729422E+07  0.000000E+00  0.000000E+00  0.000000E+00  0.733268E+07
  0.362635E-01  0.722284E+07  0.717731E+07  0.000000E+00  0.000000E+00  0.000000E+00  0.721568E+07
  0.368730E-01  0.710719E+07  0.706182E+07  0.000000E+00  0.000000E+00  0.000000E+00  0.710006E+07
  0.374927E-01  0.699308E+07  0.694792E+07  0.000000E+00  0.000000E+00  0.000000E+00  0.698598E+07
  0.381228E-01  0.688055E+07  0.683565E+07  0.000000E+00  0.000000E+00  0.000000E+00  0.687349E+07
  0.387635E-01  0.676966E+07  0.672509E+07  0.000000E+00  0.000000E+00  0.000000E+00  0.676265E+07
  0.394150E-01  0.666048E+07  0.661630E+07  0.000000E+00  0.000000E+00  0.000000E+00  0.665354E+07
  0.400774E-01  0.655309E+07  0.650935E+07  0.000000E+00  0.000000E+00  0.000000E+00  0.654621E+07
  0.407510E-01  0.644754E+07  0.640431E+07  0.000000E+00  0.000000E+00  0.000000E+00  0.644074E+07
  0.414358E-01  0.634390E+07  0.630123E+07  0.000000E+00  0.000000E+00  0.000000E+00  0.633720E+07
  0.421322E-01  0.624224E+07  0.620020E+07  0.000000E+00  0.000000E+00  0.000000E+00  0.623564E+07
  0.428403E-01  0.614264E+07  0.610128E+07  0.000000E+00  0.000000E+00  0.000000E+00  0.613614E+07
  0.435603E-01  0.604515E+07  0.600454E+07  0.000000E+00  0.000000E+00  0.000000E+00  0.603876E+07
  0.442924E-01  0.594983E+07  0.591002E+07  0.000000E+00  0.000000E+00  0.000000E+00  0.594358E+07
  0.450368E-01  0.585675E+07  0.581779E+07  0.000000E+00  0.000000E+00  0.000000E+00  0.585062E+07
  0.457937E-01  0.576592E+07  0.572788E+07  0.000000E+00  0.000000E+00  0.000000E+00  0.575994E+07
  0.465633E-01  0.567737E+07  0.564028E+07  0.000000E+00  0.000000E+00  0.000000E+00  0.567154E+07
  0.473459E-01  0.559109E+07  0.555501E+07  0.000000E+00  0.000000E+00  0.000000E+00  0.558542E+07
  0.481416E-01  0.550705E+07  0.547202E+07  0.000000E+00  0.000000E+00  0.000000E+00  0.550154E+07
  0.489507E-01  0.542522E+07  0.539128E+07  0.000000E+00  0.000000E+00  0.000000E+00  0.541988E+07
  0.497733E-01  0.534553E+07  0.531272E+07  0.000000E+00  0.000000E+00  0.000000E+00  0.534037E+07
  0.506099E-01  0.526794E+07  0.523627E+07  0.000000E+00  0.000000E+00  0.000000E+00  0.526296E+07
  0.514604E-01  0.519235E+07  0.516187E+07  0.000000E+00  0.000000E+00  0.000000E+00  0.518756E+07
  0.523253E-01  0.511870E+07  0.508941E+07  0.000000E+00  0.000000E+00  0.000000E+00  0.511409E+07
  0.532047E-01  0.504688E+07  0.501880E+07  0.000000E+00  0.000000E+00  0.000000E+00  0.504246E+07
  0.540989E-01  0.497678E+07  0.494991E+07  0.000000E+00  0.000000E+00  0.000000E+00  0.497255E+07
  0.550081E-01  0.490827E+07  0.488261E+07  0.000000E+00  0.000000E+00  0.000000E+00  0.490424E+07
  0.559325E-01  0.484121E+07  0.481676E+07  0.000000E+00  0.000000E+00  0.000000E+00  0.483737E+07
  0.568726E-01  0.477545E+07  0.475217E+07  0.000000E+00  0.000000E+00  0.000000E+00  0.477179E+07
  0.578284E-01  0.471081E+07  0.468870E+07  0.000000E+00  0.000000E+00  0.000000E+00  0.470734E+07
  0.591912E-01  0.462206E+07  0.460151E+07  0.000000E+00  0.000000E+00  0.000000E+00  0.461883E+07
  0.605541E-01  0.453672E+07  0.451761E+07  0.000000E+00  0.000000E+00  0.000000E+00  0.453371E+07
  0.619170E-01  0.445417E+07  0.443637E+07  0.000000E+00  0.000000E+00  0.000000E+00  0.445137E+07
  0.632798E-01  0.437383E+07  0.435721E+07  0.000000E+00  0.000000E+00  0.000000E+00  0.437122E+07
  0.646427E-01  0.429516E+07  0.427956E+07  0.000000E+00  0.000000E+00  0.000000E+00  0.429271E+07
  0.660055E-01  0.421766E+07  0.420294E+07  0.000000E+00  0.000000E+00  0.000000E+00  0.421535E+07
  0.673684E-01  0.414095E+07  0.412697E+07  0.000000E+00  0.000000E+00  0.000000E+00  0.413875E+07
  0.687312E-01  0.406477E+07  0.405137E+07  0.000000E+00  0.000000E+00  0.000000E+00  0.406267E+07
  0.700941E-01  0.398896E+07  0.397600E+07  0.000000E+00  0.000000E+00  0.000000E+00  0.398692E+07
  0.714570E-01  0.391340E+07  0.390074E+07  0.000000E+00  0.000000E+00  0.000000E+00  0.391141E+07
  0.728198E-01  0.383799E+07  0.382552E+07  0.000000E+00  0.000000E+00  0.000000E+00  0.383603E+07
  0.741827E-01  0.376268E+07  0.375027E+07  0.000000E+00  0.000000E+00  0.000000E+00  0.376073E+07
  0.755455E-01  0.368740E+07  0.367494E+07  0.000000E+00  0.000000E+00  0.000000E+00  0.368544E+07
  0.769084E-01  0.361221E+07  0.359962E+07  0.000000E+00  0.000000E+00  0.000000E+00  0.361023E+07
  0.782713E-01  0.353728E+07  0.352448E+07  0.000000E+00  0.000000E+00  0.000000E+00  0.353527E+07
  0.796341E-01  0.346281E+07  0.344973E+07  0.000000E+00  0.000000E+00  0.000000E+00  0.346076E+07
  0.809970E-01  0.338902E+07  0.337561E+07  0.000000E+00  0.000000E+00  0.000000E+00  0.338691E+07
  0.823598E-01  0.331609E+07  0.330232E+07  0.000000E+00  0.000000E+00  0.000000E+00  0.331393E+07
  0.837227E-01  0.324420E+07  0.323005E+07  0.000000E+00  0.000000E+00  0.000000E+00  0.324198E+07
  0.850855E-01  0.317351E+07  0.315898E+07  0.000000E+00  0.000000E+00  0.000000E+00  0.317123E+07
  0.864484E-01  0.310420E+07  0.308929E+07  0.000000E+00  0.000000E+00  0.000000E+00  0.310186E+07
  0.878113E-01  0.303648E+07  0.302121E+07  0.000000E+00  0.000000E+00  0.000000E+00  0.303408E+07
  0.891741E-01  0.297056E+07  0.295496E+07  0.000000E+00  0.000000E+00  0.000000E+00  0.296810E+07
  0.905370E-01  0.290664E+07  0.289075E+07  0.000000E+00  0.000000E+00  0.000000E+00  0.290414E+07
  0.918998E-01  0.284491E+07  0.282879E+07  0.000000E+00  0.000000E+00  0.000000E+00  0.284238E+07
  0.932627E-01  0.278552E+07  0.276922E+07  0.000000E+00  0.000000E+00  0.000000E+00  0.278296E+07
  0.946256E-01  0.272859E+07  0.271216E+07  0.000000E+00  0.000000E+00  0.000000E+00  0.272601E+07
  0.959884E-01  0.267420E+07  0.265772E+07  0.000000E+00  0.000000E+00  0.000000E+00  0.267161E+07
  0.973513E-01  0.262244E+07  0.260597E+07  0.000000E+00  0.000000E+00  0.000000E+00  0.261985E+07
  0.987141E-01  0.257334E+07  0.255695E+07  0.000000E+00  0.000000E+00  0.000000E+00  0.257076E+07
  0.100077E+00  0.252688E+07  0.251064E+07  0.000000E+00  0.000000E+00  0.000000E+00  0.252433E+07
  0.101440E+00  0.248302E+07  0.246699E+07  0.000000E+00  0.000000E+00  0.000000E+00  0.248050E+07
  0.102803E+00  0.244167E+07  0.242592E+07  0.000000E+00  0.000000E+00  0.000000E+00  0.243920E+07
  0.104166E+00  0.240275E+07  0.238733E+07  0.000000E+00  0.000000E+00  0.000000E+00  0.240033E+07
  0.105528E+00  0.236614E+07  0.235111E+07  0.000000E+00  0.000000E+00  0.000000E+00  0.236378E+07
  0.106891E+00  0.233174E+07  0.231714E+07  0.000000E+00  0.000000E+00  0.000000E+00  0.232945E+07
  0.108254E+00  0.229942E+07  0.228529E+07  0.000000E+00  0.000000E+00  0.000000E+00  0.229720E+07
  0.109617E+00  0.226902E+07  0.225540E+07  0.000000E+00  0.000000E+00  0.000000E+00  0.226688E+07
  0.110980E+00  0.224038E+07  0.222728E+07  0.000000E+00  0.000000E+00  0.000000E+00  0.223832E+07
  0.112343E+00  0.221328E+07  0.220074E+07  0.000000E+00  0.000000E+00  0.000000E+00  0.221131E+07
  0.113706E+00  0.218755E+07  0.217556E+07  0.000000E+00  0.000000E+00  0.000000E+00  0.218566E+07
  0.115068E+00  0.216296E+07  0.215153E+07  0.000000E+00  0.000000E+00  0.000000E+00  0.216116E+07
  0.116431E+00  0.213934E+07  0.212845E+07  0.000000E+00  0.000000E+00  0.000000E+00  0.213762E+07
  0.117794E+00  0.211648E+07  0.210613E+07  0.000000E+00  0.000000E+00  0.000000E+00  0.211486E+07
  0.119157E+00  0.209423E+07  0.208439E+07  0.000000E+00  0.000000E+00  0.000000E+00  0.209268E+07
  0.120520E+00  0.207240E+07  0.206304E+07  0.000000E+00  0.000000E+00  0.000000E+00  0.207093E+07
  0.121883E+00  0.205084E+07  0.204194E+07  0.000000E+00  0.000000E+00  0.000000E+00  0.204944E+07
  0.123246E+00  0.202941E+07  0.202093E+07  0.000000E+00  0.000000E+00  0.000000E+00  0.202808E+07
  0.124608E+00  0.200798E+07  0.199987E+07  0.000000E+00  0.000000E+00  0.000000E+00  0.200671E+07
  0.125971E+00  0.198645E+07  0.197867E+07  0.000000E+00  0.000000E+00  0.000000E+00  0.198523E+07
  0.127334E+00  0.196472E+07  0.195723E+07  0.000000E+00  0.000000E+00  0.000000E+00  0.196354E+07
  0.128697E+00  0.194274E+07  0.193549E+07  0.000000E+00  0.000000E+00  0.000000E+00  0.194160E+07
  0.130060E+00  0.192044E+07  0.191339E+07  0.000000E+00  0.000000E+00  0.000000E+00  0.191933E+07
  0.131423E+00  0.189779E+07  0.189090E+07  0.000000E+00  0.000000E+00  0.000000E+00  0.189671E+07
  0.132786E+00  0.187478E+07  0.186799E+07  0.000000E+00  0.000000E+00  0.000000E+00  0.187371E+07
  0.134148E+00  0.185138E+07  0.184466E+07  0.000000E+00  0.000000E+00  0.000000E+00  0.185033E+07
  0.135511E+00  0.182762E+07  0.182092E+07  0.000000E+00  0.000000E+00  0.000000E+00  0.182657E+07
  0.136874E+00  0.180353E+07  0.179681E+07  0.000000E+00  0.000000E+00  0.000000E+00  0.180247E+07
  0.138237E+00  0.177915E+07  0.177239E+07  0.000000E+00  0.000000E+00  0.000000E+00  0.177809E+07
  0.139600E+00  0.175456E+07  0.174773E+07  0.000000E+00  0.000000E+00  0.000000E+00  0.175349E+07
  0.140963E+00  0.172983E+07  0.172291E+07  0.000000E+00  0.000000E+00  0.000000E+00  0.172874E+07
  0.142326E+00  0.170505E+07  0.169802E+07  0.000000E+00  0.000000E+00  0.000000E+00  0.170394E+07
  0.143688E+00  0.168030E+07  0.167313E+07  0.000000E+00  0.000000E+00  0.000000E+00  0.167917E+07
  0.145051E+00  0.165565E+07  0.164835E+07  0.000000E+00  0.000000E+00  0.000000E+00  0.165451E+07
  0.146414E+00  0.163120E+07  0.162376E+07  0.000000E+00  0.000000E+00  0.000000E+00  0.163003E+07
  0.147777E+00  0.160702E+07  0.159944E+07  0.000000E+00  0.000000E+00  0.000000E+00  0.160583E+07
  0.149140E+00  0.158320E+07  0.157548E+07  0.000000E+00  0.000000E+00  0.000000E+00  0.158198E+07
  0.150503E+00  0.155981E+07  0.155196E+07  0.000000E+00  0.000000E+00  0.000000E+00  0.155858E+07
  0.151866E+00  0.153694E+07  0.152898E+07  0.000000E+00  0.000000E+00  0.000000E+00  0.153569E+07
  0.153228E+00  0.151466E+07  0.150660E+07  0.000000E+00  0.000000E+00  0.000000E+00  0.151339E+07
  0.154591E+00  0.149304E+07  0.148489E+07  0.000000E+00  0.000000E+00  0.000000E+00  0.149175E+07
  0.155954E+00  0.147212E+07  0.146392E+07  0.000000E+00  0.000000E+00  0.000000E+00  0.147083E+07
  0.157317E+00  0.145197E+07  0.144372E+07  0.000000E+00  0.000000E+00  0.000000E+00  0.145067E+07
  0.158680E+00  0.143261E+07  0.142435E+07  0.000000E+00  0.000000E+00  0.000000E+00  0.143131E+07
  0.160043E+00  0.141406E+07  0.140581E+07  0.000000E+00  0.000000E+00  0.000000E+00  0.141277E+07
  0.161406E+00  0.139635E+07  0.138812E+07  0.000000E+00  0.000000E+00  0.000000E+00  0.139505E+07
  0.162768E+00  0.137945E+07  0.137128E+07  0.000000E+00  0.000000E+00  0.000000E+00  0.137817E+07
  0.164131E+00  0.136337E+07  0.135528E+07  0.000000E+00  0.000000E+00  0.000000E+00  0.136210E+07
  0.165494E+00  0.134809E+07  0.134010E+07  0.000000E+00  0.000000E+00  0.000000E+00  0.134683E+07
  0.166857E+00  0.133357E+07  0.132571E+07  0.000000E+00  0.000000E+00  0.000000E+00  0.133234E+07
  0.168220E+00  0.131979E+07  0.131207E+07  0.000000E+00  0.000000E+00  0.000000E+00  0.131858E+07
  0.169583E+00  0.130671E+07  0.129915E+07  0.000000E+00  0.000000E+00  0.000000E+00  0.130552E+07
  0.170946E+00  0.129428E+07  0.128689E+07  0.000000E+00  0.000000E+00  0.000000E+00  0.129311E+07
  0.172308E+00  0.128244E+07  0.127524E+07  0.000000E+00  0.000000E+00  0.000000E+00  0.128131E+07
  0.173671E+00  0.127115E+07  0.126414E+07  0.000000E+00  0.000000E+00  0.000000E+00  0.127004E+07
  0.175034E+00  0.126033E+07  0.125352E+07  0.000000E+00  0.000000E+00  0.000000E+00  0.125926E+07
  0.176397E+00  0.124992E+07  0.124332E+07  0.000000E+00  0.000000E+00  0.000000E+00  0.124888E+07
  0.177760E+00  0.123986E+07  0.123346E+07  0.000000E+00  0.000000E+00  0.000000E+00  0.123885E+07
  0.179123E+00  0.123008E+07  0.122389E+07  0.000000E+00  0.000000E+00  0.000000E+00  0.122910E+07
  0.180486E+00  0.122052E+07  0.121453E+07  0.000000E+00  0.000000E+00  0.000000E+00  0.121958E+07
  0.181848E+00  0.121111E+07  0.120532E+07  0.000000E+00  0.000000E+00  0.000000E+00  0.121020E+07
  0.183211E+00  0.120181E+07  0.119620E+07  0.000000E+00  0.000000E+00  0.000000E+00  0.120093E+07
  0.184574E+00  0.119255E+07  0.118712E+07  0.000000E+00  0.000000E+00  0.000000E+00  0.119170E+07
  0.185937E+00  0.118329E+07  0.117803E+07  0.000000E+00  0.000000E+00  0.000000E+00  0.118247E+07
  0.187300E+00  0.117399E+07  0.116887E+07  0.000000E+00  0.000000E+00  0.000000E+00  0.117319E+07
  0.188663E+00  0.116462E+07  0.115963E+07  0.000000E+00  0.000000E+00  0.000000E+00  0.116384E+07
  0.190026E+00  0.115514E+07  0.115028E+07  0.000000E+00  0.000000E+00  0.000000E+00  0.115438E+07
  0.191388E+00  0.114554E+07  0.114078E+07  0.000000E+00  0.000000E+00  0.000000E+00  0.114480E+07
  0.192751E+00  0.113580E+07  0.113113E+07  0.000000E+00  0.000000E+00  0.000000E+00  0.113507E+07
  0.194114E+00  0.112590E+07  0.112130E+07  0.000000E+00  0.000000E+00  0.000000E+00  0.112518E+07
  0.195477E+00  0.111584E+07  0.111129E+07  0.000000E+00  0.000000E+00  0.000000E+00  0.111512E+07
  0.196840E+00  0.110560E+07  0.110109E+07  0.000000E+00  0.000000E+00  0.000000E+00  0.110489E+07
  0.198203E+00  0.109521E+07  0.109072E+07  0.000000E+00  0.000000E+00  0.000000E+00  0.109450E+07
  0.199566E+00  0.108467E+07  0.108020E+07  0.000000E+00  0.000000E+00  0.000000E+00  0.108397E+07
  0.200929E+00  0.107401E+07  0.106954E+07  0.000000E+00  0.000000E+00  0.000000E+00  0.107331E+07
  0.202291E+00  0.106325E+07  0.105877E+07  0.000000E+00  0.000000E+00  0.000000E+00  0.106255E+07
  0.203654E+00  0.105242E+07  0.104791E+07  0.000000E+00  0.000000E+00  0.000000E+00  0.105171E+07
  0.205017E+00  0.104154E+07  0.103701E+07  0.000000E+00  0.000000E+00  0.000000E+00  0.104082E+07
  0.206380E+00  0.103064E+07  0.102607E+07  0.000000E+00  0.000000E+00  0.000000E+00  0.102992E+07
  0.207743E+00  0.101975E+07  0.101515E+07  0.000000E+00  0.000000E+00  0.000000E+00  0.101903E+07
  0.209106E+00  0.100891E+07  0.100427E+07  0.000000E+00  0.000000E+00  0.000000E+00  0.100818E+07
  0.210469E+00  0.998138E+06  0.993457E+06  0.000000E+00  0.000000E+00  0.000000E+00  0.997402E+06
  0.211831E+00  0.987478E+06  0.982755E+06  0.000000E+00  0.000000E+00  0.000000E+00  0.986735E+06
  0.213194E+00  0.976954E+06  0.972193E+06  0.000000E+00  0.000000E+00  0.000000E+00  0.976206E+06
  0.214557E+00  0.966598E+06  0.961801E+06  0.000000E+00  0.000000E+00  0.000000E+00  0.965844E+06
  0.215920E+00  0.956436E+06  0.951609E+06  0.000000E+00  0.000000E+00  0.000000E+00  0.955677E+06
  0.220195E+00  0.926098E+06  0.921214E+06  0.000000E+00  0.000000E+00  0.000000E+00  0.925330E+06
  0.224556E+00  0.897966E+06  0.893104E+06  0.000000E+00  0.000000E+00  0.000000E+00  0.897202E+06
  0.229002E+00  0.872400E+06  0.867648E+06  0.000000E+00  0.000000E+00  0.000000E+00  0.871653E+06
  0.233537E+00  0.849395E+06  0.844838E+06  0.000000E+00  0.000000E+00  0.000000E+00  0.848679E+06
  0.238161E+00  0.828607E+06  0.824304E+06  0.000000E+00  0.000000E+00  0.000000E+00  0.827931E+06
  0.242877E+00  0.809374E+06  0.805355E+06  0.000000E+00  0.000000E+00  0.000000E+00  0.808742E+06
  0.247686E+00  0.790847E+06  0.787102E+06  0.000000E+00  0.000000E+00  0.000000E+00  0.790258E+06
  0.252591E+00  0.772243E+06  0.768729E+06  0.000000E+00  0.000000E+00  0.000000E+00  0.771691E+06
  0.257592E+00  0.752943E+06  0.749595E+06  0.000000E+00  0.000000E+00  0.000000E+00  0.752417E+06
  0.262693E+00  0.732613E+06  0.729357E+06  0.000000E+00  0.000000E+00  0.000000E+00  0.732101E+06
  0.267895E+00  0.711345E+06  0.708118E+06  0.000000E+00  0.000000E+00  0.000000E+00  0.710838E+06
  0.273199E+00  0.689557E+06  0.686318E+06  0.000000E+00  0.000000E+00  0.000000E+00  0.689048E+06
  0.278609E+00  0.667869E+06  0.664609E+06  0.000000E+00  0.000000E+00  0.000000E+00  0.667356E+06
  0.284126E+00  0.646980E+06  0.643720E+06  0.000000E+00  0.000000E+00  0.000000E+00  0.646467E+06
  0.289752E+00  0.627437E+06  0.624219E+06  0.000000E+00  0.000000E+00  0.000000E+00  0.626931E+06
  0.295489E+00  0.609485E+06  0.606359E+06  0.000000E+00  0.000000E+00  0.000000E+00  0.608994E+06
  0.301341E+00  0.593056E+06  0.590064E+06  0.000000E+00  0.000000E+00  0.000000E+00  0.592586E+06
  0.307308E+00  0.577745E+06  0.574907E+06  0.000000E+00  0.000000E+00  0.000000E+00  0.577299E+06
  0.313393E+00  0.562988E+06  0.560300E+06  0.000000E+00  0.000000E+00  0.000000E+00  0.562565E+06
  0.319598E+00  0.548250E+06  0.545687E+06  0.000000E+00  0.000000E+00  0.000000E+00  0.547847E+06
  0.325927E+00  0.533165E+06  0.530688E+06  0.000000E+00  0.000000E+00  0.000000E+00  0.532776E+06
  0.332380E+00  0.517682E+06  0.515255E+06  0.000000E+00  0.000000E+00  0.000000E+00  0.517301E+06
  0.338962E+00  0.502024E+06  0.499625E+06  0.000000E+00  0.000000E+00  0.000000E+00  0.501647E+06
  0.345674E+00  0.486597E+06  0.484221E+06  0.000000E+00  0.000000E+00  0.000000E+00  0.486224E+06
  0.352519E+00  0.471823E+06  0.469484E+06  0.000000E+00  0.000000E+00  0.000000E+00  0.471455E+06
  0.359499E+00  0.457946E+06  0.455669E+06  0.000000E+00  0.000000E+00  0.000000E+00  0.457588E+06
  0.366618E+00  0.444988E+06  0.442793E+06  0.000000E+00  0.000000E+00  0.000000E+00  0.444643E+06
  0.373877E+00  0.432715E+06  0.430612E+06  0.000000E+00  0.000000E+00  0.000000E+00  0.432384E+06
  0.381280E+00  0.420800E+06  0.418785E+06  0.000000E+00  0.000000E+00  0.000000E+00  0.420483E+06
  0.388830E+00  0.408941E+06  0.406997E+06  0.000000E+00  0.000000E+00  0.000000E+00  0.408635E+06
  0.396530E+00  0.397024E+06  0.395133E+06  0.000000E+00  0.000000E+00  0.000000E+00  0.396727E+06
  0.404381E+00  0.385121E+06  0.383269E+06  0.000000E+00  0.000000E+00  0.000000E+00  0.384830E+06
  0.412389E+00  0.373455E+06  0.371640E+06  0.000000E+00  0.000000E+00  0.000000E+00  0.373170E+06
  0.420555E+00  0.362237E+06  0.360465E+06  0.000000E+00  0.000000E+00  0.000000E+00  0.361959E+06
  0.428882E+00  0.351579E+06  0.349861E+06  0.000000E+00  0.000000E+00  0.000000E+00  0.351309E+06
  0.437375E+00  0.341420E+06  0.339762E+06  0.000000E+00  0.000000E+00  0.000000E+00  0.341160E+06
  0.446035E+00  0.331602E+06  0.330004E+06  0.000000E+00  0.000000E+00  0.000000E+00  0.331351E+06
  0.454867E+00  0.321956E+06  0.320411E+06  0.000000E+00  0.000000E+00  0.000000E+00  0.321714E+06
  0.463874E+00  0.312412E+06  0.310910E+06  0.000000E+00  0.000000E+00  0.000000E+00  0.312176E+06
  0.473060E+00  0.303015E+06  0.301551E+06  0.000000E+00  0.000000E+00  0.000000E+00  0.302784E+06
  0.482427E+00  0.293871E+06  0.292445E+06  0.000000E+00  0.000000E+00  0.000000E+00  0.293647E+06
  0.491980E+00  0.285071E+06  0.283687E+06  0.000000E+00  0.000000E+00  0.000000E+00  0.284854E+06
  0.501721E+00  0.276617E+06  0.275277E+06  0.000000E+00  0.000000E+00  0.000000E+00  0.276406E+06
  0.511656E+00  0.268440E+06  0.267143E+06  0.000000E+00  0.000000E+00  0.000000E+00  0.268236E+06
  0.521788E+00  0.260458E+06  0.259203E+06  0.000000E+00  0.000000E+00  0.000000E+00  0.260261E+06
  0.532120E+00  0.252634E+06  0.251415E+06  0.000000E+00  0.000000E+00  0.000000E+00  0.252442E+06
  0.542656E+00  0.244991E+06  0.243807E+06  0.000000E+00  0.000000E+00  0.000000E+00  0.244805E+06
  0.553402E+00  0.237578E+06  0.236427E+06  0.000000E+00  0.000000E+00  0.000000E+00  0.237397E+06
  0.564360E+00  0.230415E+06  0.229300E+06  0.000000E+00  0.000000E+00  0.000000E+00  0.230239E+06
  0.575535E+00  0.223482E+06  0.222402E+06  0.000000E+00  0.000000E+00  0.000000E+00  0.223313E+06
  0.586931E+00  0.216742E+06  0.215696E+06  0.000000E+00  0.000000E+00  0.000000E+00  0.216578E+06
  0.598553E+00  0.210170E+06  0.209155E+06  0.000000E+00  0.000000E+00  0.000000E+00  0.210011E+06
  0.610405E+00  0.203770E+06  0.202785E+06  0.000000E+00  0.000000E+00  0.000000E+00  0.203615E+06
  0.622492E+00  0.197560E+06  0.196604E+06  0.000000E+00  0.000000E+00  0.000000E+00  0.197409E+06
  0.634818E+00  0.191544E+06  0.190618E+06  0.000000E+00  0.000000E+00  0.000000E+00  0.191398E+06
  0.647389E+00  0.185708E+06  0.184811E+06  0.000000E+00  0.000000E+00  0.000000E+00  0.185567E+06
  0.723469E+00  0.155648E+06  0.154897E+06  0.000000E+00  0.000000E+00  0.000000E+00  0.155530E+06
  0.808491E+00  0.130252E+06  0.129623E+06  0.000000E+00  0.000000E+00  0.000000E+00  0.130153E+06
  0.903504E+00  0.108839E+06  0.108313E+06  0.000000E+00  0.000000E+00  0.000000E+00  0.108756E+06
  0.100968E+01  0.908208E+05  0.903823E+05  0.000000E+00  0.000000E+00  0.000000E+00  0.907518E+05
  0.112834E+01  0.756841E+05  0.753188E+05  0.000000E+00  0.000000E+00  0.000000E+00  0.756267E+05
  0.126094E+01  0.629918E+05  0.626877E+05  0.000000E+00  0.000000E+00  0.000000E+00  0.629440E+05
  0.140913E+01  0.523649E+05  0.521121E+05  0.000000E+00  0.000000E+00  0.000000E+00  0.523251E+05
  0.157472E+01  0.434817E+05  0.432719E+05  0.000000E+00  0.000000E+00  0.000000E+00  0.434487E+05
  0.175979E+01  0.360665E+05  0.358924E+05  0.000000E+00  0.000000E+00  0.000000E+00  0.360391E+05
  0.196659E+01  0.298851E+05  0.297409E+05  0.000000E+00  0.000000E+00  0.000000E+00  0.298624E+05
  0.219771E+01  0.247390E+05  0.246196E+05  0.000000E+00  0.000000E+00  0.000000E+00  0.247202E+05
  0.245598E+01  0.204599E+05  0.203611E+05  0.000000E+00  0.000000E+00  0.000000E+00  0.204444E+05
  0.274460E+01  0.169059E+05  0.168244E+05  0.000000E+00  0.000000E+00  0.000000E+00  0.168931E+05
  0.306715E+01  0.139575E+05  0.138901E+05  0.000000E+00  0.000000E+00  0.000000E+00  0.139469E+05
  0.342759E+01  0.115140E+05  0.114584E+05  0.000000E+00  0.000000E+00  0.000000E+00  0.115052E+05
  0.383040E+01  0.949090E+04  0.944507E+04  0.000000E+00  0.000000E+00  0.000000E+00  0.948370E+04
  0.428055E+01  0.781751E+04  0.777975E+04  0.000000E+00  0.000000E+00  0.000000E+00  0.781158E+04
  0.478359E+01  0.643463E+04  0.640353E+04  0.000000E+00  0.000000E+00  0.000000E+00  0.642974E+04
  0.534575E+01  0.529279E+04  0.526719E+04  0.000000E+00  0.000000E+00  0.000000E+00  0.528876E+04
  0.597398E+01  0.435075E+04  0.432970E+04  0.000000E+00  0.000000E+00  0.000000E+00  0.434744E+04
  0.667604E+01  0.357417E+04  0.355686E+04  0.000000E+00  0.000000E+00  0.000000E+00  0.357145E+04
  0.746060E+01  0.293445E+04  0.292022E+04  0.000000E+00  0.000000E+00  0.000000E+00  0.293222E+04
  0.833737E+01  0.240786E+04  0.239617E+04  0.000000E+00  0.000000E+00  0.000000E+00  0.240602E+04
  0.931716E+01  0.197468E+04  0.196507E+04  0.000000E+00  0.000000E+00  0.000000E+00  0.197317E+04
  0.104121E+02  0.161858E+04  0.161068E+04  0.000000E+00  0.000000E+00  0.000000E+00  0.161734E+04
