    0.10000E-03    0.46891E+03
    0.10202E-03    0.47802E+03
    0.10408E-03    0.48730E+03
    0.10618E-03    0.49676E+03
    0.10833E-03    0.50641E+03
    0.11052E-03    0.51625E+03
    0.11275E-03    0.52628E+03
    0.11503E-03    0.53650E+03
    0.11735E-03    0.54691E+03
    0.11972E-03    0.55754E+03
    0.12214E-03    0.56836E+03
    0.12461E-03    0.57940E+03
    0.12712E-03    0.59065E+03
    0.12969E-03    0.60212E+03
    0.13231E-03    0.61381E+03
    0.13499E-03    0.62573E+03
    0.13771E-03    0.63788E+03
    0.14049E-03    0.65026E+03
    0.14333E-03    0.66288E+03
    0.14623E-03    0.67575E+03
    0.14918E-03    0.68887E+03
    0.15220E-03    0.70224E+03
    0.15527E-03    0.71587E+03
    0.15841E-03    0.72977E+03
    0.16161E-03    0.74393E+03
    0.16487E-03    0.75837E+03
    0.16820E-03    0.77308E+03
    0.17160E-03    0.78809E+03
    0.17507E-03    0.80338E+03
    0.17860E-03    0.81896E+03
    0.18221E-03    0.83485E+03
    0.18589E-03    0.85105E+03
    0.18965E-03    0.86756E+03
    0.19348E-03    0.88439E+03
    0.19739E-03    0.90154E+03
    0.20138E-03    0.91902E+03
    0.20544E-03    0.93684E+03
    0.20959E-03    0.95501E+03
    0.21383E-03    0.97353E+03
    0.21815E-03    0.99240E+03
    0.22255E-03    0.10116E+04
    0.22705E-03    0.10312E+04
    0.23164E-03    0.10512E+04
    0.23632E-03    0.10716E+04
    0.24109E-03    0.10924E+04
    0.24596E-03    0.11135E+04
    0.25093E-03    0.11351E+04
    0.25600E-03    0.11571E+04
    0.26117E-03    0.11795E+04
    0.26645E-03    0.12023E+04
    0.27183E-03    0.12256E+04
    0.27732E-03    0.12493E+04
    0.28292E-03    0.12735E+04
    0.28864E-03    0.12982E+04
    0.29447E-03    0.13233E+04
    0.30042E-03    0.13489E+04
    0.30649E-03    0.13750E+04
    0.31268E-03    0.14016E+04
    0.31899E-03    0.14287E+04
    0.32544E-03    0.14563E+04
    0.33201E-03    0.14844E+04
    0.33872E-03    0.15131E+04
    0.34556E-03    0.15424E+04
    0.35254E-03    0.15721E+04
    0.35966E-03    0.16025E+04
    0.36693E-03    0.16334E+04
    0.37434E-03    0.16650E+04
    0.38190E-03    0.16971E+04
    0.38962E-03    0.17298E+04
    0.39749E-03    0.17632E+04
    0.40552E-03    0.17972E+04
    0.41371E-03    0.18318E+04
    0.42207E-03    0.18671E+04
    0.43060E-03    0.19031E+04
    0.43929E-03    0.19397E+04
    0.44817E-03    0.19771E+04
    0.45722E-03    0.20151E+04
    0.46646E-03    0.20539E+04
    0.47588E-03    0.20934E+04
    0.48550E-03    0.21336E+04
    0.49530E-03    0.21746E+04
    0.50531E-03    0.22164E+04
    0.51552E-03    0.22589E+04
    0.52593E-03    0.23022E+04
    0.53656E-03    0.23464E+04
    0.54739E-03    0.23914E+04
    0.55845E-03    0.24372E+04
    0.56973E-03    0.24839E+04
    0.58124E-03    0.25314E+04
    0.59299E-03    0.25798E+04
    0.60496E-03    0.26292E+04
    0.61719E-03    0.26794E+04
    0.62965E-03    0.27306E+04
    0.64237E-03    0.27827E+04
    0.65535E-03    0.28358E+04
    0.66859E-03    0.28899E+04
    0.68210E-03    0.29449E+04
    0.69588E-03    0.30010E+04
    0.70993E-03    0.30581E+04
    0.72427E-03    0.31162E+04
    0.73891E-03    0.31754E+04
    0.75383E-03    0.32357E+04
    0.76906E-03    0.32971E+04
    0.78460E-03    0.33596E+04
    0.80045E-03    0.34232E+04
    0.81662E-03    0.34880E+04
    0.83311E-03    0.35539E+04
    0.84994E-03    0.36211E+04
    0.86711E-03    0.36894E+04
    0.88463E-03    0.37590E+04
    0.90250E-03    0.38298E+04
    0.92073E-03    0.39019E+04
    0.93933E-03    0.39752E+04
    0.95831E-03    0.40499E+04
    0.97767E-03    0.41259E+04
    0.99742E-03    0.42032E+04
    0.10176E-02    0.42819E+04
    0.10381E-02    0.43619E+04
    0.10591E-02    0.44434E+04
    0.10805E-02    0.45263E+04
    0.11023E-02    0.46106E+04
    0.11246E-02    0.46964E+04
    0.11473E-02    0.47837E+04
    0.11705E-02    0.48725E+04
    0.11941E-02    0.49628E+04
    0.12182E-02    0.50546E+04
    0.12429E-02    0.51480E+04
    0.12680E-02    0.52430E+04
    0.12936E-02    0.53396E+04
    0.13197E-02    0.54378E+04
    0.13464E-02    0.55377E+04
    0.13736E-02    0.56392E+04
    0.14013E-02    0.57424E+04
    0.14296E-02    0.58473E+04
    0.14585E-02    0.59540E+04
    0.14880E-02    0.60623E+04
    0.15180E-02    0.61725E+04
    0.15487E-02    0.62844E+04
    0.15800E-02    0.63981E+04
    0.16119E-02    0.65137E+04
    0.16445E-02    0.66311E+04
    0.16777E-02    0.67503E+04
    0.17116E-02    0.68715E+04
    0.17462E-02    0.69945E+04
    0.17814E-02    0.71194E+04
    0.18174E-02    0.72463E+04
    0.18541E-02    0.73751E+04
    0.18916E-02    0.75058E+04
    0.19298E-02    0.76386E+04
    0.19688E-02    0.77733E+04
    0.20086E-02    0.79100E+04
    0.20491E-02    0.80488E+04
    0.20905E-02    0.81895E+04
    0.21328E-02    0.83324E+04
    0.21758E-02    0.84772E+04
    0.22198E-02    0.86242E+04
    0.22646E-02    0.87732E+04
    0.23104E-02    0.89243E+04
    0.23571E-02    0.90775E+04
    0.24047E-02    0.92328E+04
    0.24533E-02    0.93902E+04
    0.25028E-02    0.95497E+04
    0.25534E-02    0.97114E+04
    0.26050E-02    0.98751E+04
    0.26576E-02    0.10041E+05
    0.27113E-02    0.10209E+05
    0.27660E-02    0.10379E+05
    0.28219E-02    0.10551E+05
    0.28789E-02    0.10726E+05
    0.29371E-02    0.10902E+05
    0.29964E-02    0.11081E+05
    0.30569E-02    0.11261E+05
    0.31187E-02    0.11444E+05
    0.31817E-02    0.11629E+05
    0.32460E-02    0.11816E+05
    0.33115E-02    0.12005E+05
    0.33784E-02    0.12196E+05
    0.34467E-02    0.12388E+05
    0.35163E-02    0.12583E+05
    0.35874E-02    0.12780E+05
    0.36598E-02    0.12979E+05
    0.37338E-02    0.13180E+05
    0.38092E-02    0.13382E+05
    0.38861E-02    0.13587E+05
    0.39646E-02    0.13793E+05
    0.40447E-02    0.14001E+05
    0.41264E-02    0.14211E+05
    0.42098E-02    0.14422E+05
    0.42948E-02    0.14635E+05
    0.43816E-02    0.14850E+05
    0.44701E-02    0.15066E+05
    0.45604E-02    0.15284E+05
    0.46525E-02    0.15503E+05
    0.47465E-02    0.15723E+05
    0.48424E-02    0.15945E+05
    0.49402E-02    0.16168E+05
    0.50400E-02    0.16392E+05
    0.51419E-02    0.16617E+05
    0.52457E-02    0.16843E+05
    0.53517E-02    0.17070E+05
    0.54598E-02    0.17298E+05
    0.55701E-02    0.17527E+05
    0.56826E-02    0.17756E+05
    0.57974E-02    0.17986E+05
    0.59145E-02    0.18216E+05
    0.60340E-02    0.18447E+05
    0.61559E-02    0.18678E+05
    0.62803E-02    0.18909E+05
    0.64072E-02    0.19140E+05
    0.65366E-02    0.19370E+05
    0.66686E-02    0.19601E+05
    0.68033E-02    0.19831E+05
    0.69408E-02    0.20060E+05
    0.70810E-02    0.20289E+05
    0.72240E-02    0.20517E+05
    0.73700E-02    0.20744E+05
    0.75189E-02    0.20970E+05
    0.76708E-02    0.21194E+05
    0.78257E-02    0.21417E+05
    0.79838E-02    0.21638E+05
    0.81451E-02    0.21858E+05
    0.83096E-02    0.22075E+05
    0.84775E-02    0.22290E+05
    0.86488E-02    0.22503E+05
    0.88235E-02    0.22713E+05
    0.90017E-02    0.22920E+05
    0.91836E-02    0.23124E+05
    0.93691E-02    0.23325E+05
    0.95583E-02    0.23522E+05
    0.97514E-02    0.23716E+05
    0.99484E-02    0.23905E+05
    0.10149E-01    0.24091E+05
    0.10354E-01    0.24272E+05
    0.10564E-01    0.24448E+05
    0.10777E-01    0.24619E+05
    0.10995E-01    0.24785E+05
    0.11217E-01    0.24946E+05
    0.11443E-01    0.25100E+05
    0.11675E-01    0.25249E+05
    0.11910E-01    0.25391E+05
    0.12151E-01    0.25527E+05
    0.12397E-01    0.25656E+05
    0.12647E-01    0.25778E+05
    0.12902E-01    0.25892E+05
    0.13163E-01    0.25998E+05
    0.13429E-01    0.26097E+05
    0.13700E-01    0.26187E+05
    0.13977E-01    0.26269E+05
    0.14259E-01    0.26341E+05
    0.14547E-01    0.26405E+05
    0.14841E-01    0.26459E+05
    0.15141E-01    0.26503E+05
    0.15447E-01    0.26537E+05
    0.15759E-01    0.26561E+05
    0.16077E-01    0.26574E+05
    0.16402E-01    0.26576E+05
    0.16734E-01    0.26568E+05
    0.17072E-01    0.26548E+05
    0.17416E-01    0.26516E+05
    0.17768E-01    0.26473E+05
    0.18127E-01    0.26418E+05
    0.18493E-01    0.26350E+05
    0.18867E-01    0.26271E+05
    0.19248E-01    0.26179E+05
    0.19637E-01    0.26074E+05
    0.20034E-01    0.25957E+05
    0.20438E-01    0.25827E+05
    0.20851E-01    0.25685E+05
    0.21272E-01    0.25530E+05
    0.21702E-01    0.25362E+05
    0.22141E-01    0.25181E+05
    0.22588E-01    0.24988E+05
    0.23044E-01    0.24783E+05
    0.23510E-01    0.24566E+05
    0.23985E-01    0.24336E+05
    0.24469E-01    0.24095E+05
    0.24964E-01    0.23843E+05
    0.25468E-01    0.23580E+05
    0.25982E-01    0.23306E+05
    0.26507E-01    0.23022E+05
    0.27043E-01    0.22728E+05
    0.27589E-01    0.22426E+05
    0.28146E-01    0.22115E+05
    0.28715E-01    0.21796E+05
    0.29295E-01    0.21470E+05
    0.29887E-01    0.21138E+05
    0.30490E-01    0.20800E+05
    0.31106E-01    0.20457E+05
    0.31735E-01    0.20111E+05
    0.32376E-01    0.19761E+05
    0.33030E-01    0.19410E+05
    0.33697E-01    0.19057E+05
    0.34378E-01    0.18704E+05
    0.35072E-01    0.18352E+05
    0.35781E-01    0.18001E+05
    0.36504E-01    0.17653E+05
    0.37241E-01    0.17309E+05
    0.37993E-01    0.16970E+05
    0.38761E-01    0.16637E+05
    0.39544E-01    0.16309E+05
    0.40343E-01    0.15988E+05
    0.41158E-01    0.15675E+05
    0.41989E-01    0.15370E+05
    0.42838E-01    0.15074E+05
    0.43703E-01    0.14788E+05
    0.44586E-01    0.14512E+05
    0.45486E-01    0.14246E+05
    0.46405E-01    0.13992E+05
    0.47343E-01    0.13749E+05
    0.48299E-01    0.13516E+05
    0.49275E-01    0.13294E+05
    0.50270E-01    0.13083E+05
    0.51286E-01    0.12882E+05
    0.52322E-01    0.12690E+05
    0.53379E-01    0.12506E+05
    0.54457E-01    0.12330E+05
    0.55557E-01    0.12161E+05
    0.56680E-01    0.11997E+05
    0.57825E-01    0.11838E+05
    0.58993E-01    0.11681E+05
    0.60184E-01    0.11525E+05
    0.61400E-01    0.11369E+05
    0.62641E-01    0.11212E+05
    0.63906E-01    0.11051E+05
    0.65197E-01    0.10885E+05
    0.66514E-01    0.10711E+05
    0.67858E-01    0.10530E+05
    0.69229E-01    0.10338E+05
    0.70627E-01    0.10136E+05
    0.72054E-01    0.99240E+04
    0.73510E-01    0.97002E+04
    0.74994E-01    0.94648E+04
    0.76509E-01    0.92177E+04
    0.78055E-01    0.89603E+04
    0.79632E-01    0.86940E+04
    0.81241E-01    0.84211E+04
    0.82882E-01    0.81435E+04
    0.84556E-01    0.78632E+04
    0.86264E-01    0.75825E+04
    0.88007E-01    0.73040E+04
    0.89785E-01    0.70308E+04
    0.91598E-01    0.67658E+04
    0.93449E-01    0.65117E+04
    0.95337E-01    0.62711E+04
    0.97263E-01    0.60460E+04
    0.99227E-01    0.58380E+04
    0.10123E+00    0.56481E+04
    0.10328E+00    0.54763E+04
    0.10536E+00    0.53224E+04
    0.10749E+00    0.51858E+04
    0.10966E+00    0.50652E+04
    0.11188E+00    0.49588E+04
    0.11414E+00    0.48636E+04
    0.11644E+00    0.47765E+04
    0.11880E+00    0.46940E+04
    0.12120E+00    0.46124E+04
    0.12365E+00    0.45283E+04
    0.12614E+00    0.44382E+04
    0.12869E+00    0.43396E+04
    0.13129E+00    0.42305E+04
    0.13394E+00    0.41097E+04
    0.13665E+00    0.39771E+04
    0.13941E+00    0.38341E+04
    0.14223E+00    0.36833E+04
    0.14510E+00    0.35281E+04
    0.14803E+00    0.33721E+04
    0.15102E+00    0.32193E+04
    0.15407E+00    0.30737E+04
    0.15718E+00    0.29388E+04
    0.16036E+00    0.28172E+04
    0.16360E+00    0.27102E+04
    0.16690E+00    0.26182E+04
    0.17028E+00    0.25400E+04
    0.17371E+00    0.24738E+04
    0.17722E+00    0.24164E+04
    0.18080E+00    0.23640E+04
    0.18446E+00    0.23124E+04
    0.18818E+00    0.22580E+04
    0.19198E+00    0.21979E+04
    0.19586E+00    0.21302E+04
    0.19982E+00    0.20545E+04
    0.20386E+00    0.19723E+04
    0.20797E+00    0.18860E+04
    0.21218E+00    0.17992E+04
    0.21646E+00    0.17153E+04
    0.22083E+00    0.16377E+04
    0.22530E+00    0.15687E+04
    0.22985E+00    0.15091E+04
    0.23449E+00    0.14584E+04
    0.23923E+00    0.14148E+04
    0.24406E+00    0.13755E+04
    0.24899E+00    0.13374E+04
    0.25402E+00    0.12978E+04
    0.25915E+00    0.12547E+04
    0.26439E+00    0.12077E+04
    0.26973E+00    0.11575E+04
    0.27518E+00    0.11063E+04
    0.28074E+00    0.10563E+04
    0.28641E+00    0.10100E+04
    0.29219E+00    0.96853E+03
    0.29810E+00    0.93221E+03
    0.30412E+00    0.90009E+03
    0.31026E+00    0.87043E+03
    0.31653E+00    0.84134E+03
    0.32292E+00    0.81133E+03
    0.32945E+00    0.77982E+03
    0.33610E+00    0.74729E+03
    0.34289E+00    0.71487E+03
    0.34982E+00    0.68397E+03
    0.35689E+00    0.65554E+03
    0.36409E+00    0.62982E+03
    0.37145E+00    0.60627E+03
    0.37895E+00    0.58392E+03
    0.38661E+00    0.56180E+03
    0.39442E+00    0.53943E+03
    0.40239E+00    0.51694E+03
    0.41052E+00    0.49492E+03
    0.41881E+00    0.47401E+03
    0.42727E+00    0.45455E+03
    0.43590E+00    0.43643E+03
    0.44471E+00    0.41920E+03
    0.45369E+00    0.40241E+03
    0.46286E+00    0.38583E+03
    0.47221E+00    0.36957E+03
    0.48174E+00    0.35391E+03
    0.49148E+00    0.33907E+03
    0.50141E+00    0.32507E+03
    0.51153E+00    0.31170E+03
    0.52187E+00    0.29877E+03
    0.53241E+00    0.28619E+03
    0.54317E+00    0.27401E+03
    0.55414E+00    0.26236E+03
    0.56533E+00    0.25127E+03
    0.57675E+00    0.24068E+03
    0.58840E+00    0.23048E+03
    0.60029E+00    0.22063E+03
    0.61242E+00    0.21116E+03
    0.62479E+00    0.20209E+03
    0.63741E+00    0.19342E+03
    0.65029E+00    0.18511E+03
    0.66342E+00    0.17713E+03
    0.67683E+00    0.16946E+03
    0.69050E+00    0.16211E+03
    0.70445E+00    0.15506E+03
    0.71868E+00    0.14830E+03
    0.73320E+00    0.14182E+03
    0.74801E+00    0.13561E+03
    0.76312E+00    0.12967E+03
    0.77854E+00    0.12397E+03
    0.79426E+00    0.11851E+03
    0.81031E+00    0.11328E+03
    0.82668E+00    0.10827E+03
    0.84338E+00    0.10347E+03
    0.86041E+00    0.98880E+02
    0.87780E+00    0.94481E+02
    0.89553E+00    0.90269E+02
    0.91362E+00    0.86238E+02
    0.93208E+00    0.82379E+02
    0.95091E+00    0.78686E+02
    0.97011E+00    0.75153E+02
    0.98971E+00    0.71771E+02
    0.10097E+01    0.68536E+02
    0.10301E+01    0.65441E+02
    0.10509E+01    0.62480E+02
    0.10721E+01    0.59648E+02
    0.10938E+01    0.56939E+02
    0.11159E+01    0.54350E+02
    0.11384E+01    0.51873E+02
    0.11614E+01    0.49506E+02
    0.11849E+01    0.47243E+02
    0.12088E+01    0.45080E+02
    0.12333E+01    0.43013E+02
    0.12582E+01    0.41037E+02
    0.12836E+01    0.39149E+02
    0.13095E+01    0.37345E+02
    0.13360E+01    0.35621E+02
    0.13630E+01    0.33974E+02
    0.13905E+01    0.32401E+02
    0.14186E+01    0.30898E+02
    0.14472E+01    0.29464E+02
    0.14765E+01    0.28093E+02
    0.15063E+01    0.26785E+02
    0.15367E+01    0.25535E+02
    0.15678E+01    0.24343E+02
    0.15994E+01    0.23204E+02
    0.16318E+01    0.22117E+02
    0.16647E+01    0.21079E+02
    0.16984E+01    0.20089E+02
    0.17327E+01    0.19144E+02
    0.17677E+01    0.18242E+02
    0.18034E+01    0.17382E+02
    0.18398E+01    0.16561E+02
    0.18770E+01    0.15778E+02
    0.19149E+01    0.15031E+02
    0.19536E+01    0.14318E+02
    0.19930E+01    0.13638E+02
    0.20333E+01    0.12990E+02
    0.20744E+01    0.12372E+02
    0.21163E+01    0.11782E+02
    0.21590E+01    0.11220E+02
    0.22026E+01    0.10684E+02
    0.22471E+01    0.10173E+02
    0.22925E+01    0.96862E+01
    0.23388E+01    0.92218E+01
    0.23861E+01    0.87792E+01
    0.24343E+01    0.83574E+01
    0.24835E+01    0.79554E+01
    0.25336E+01    0.75722E+01
    0.25848E+01    0.72072E+01
    0.26370E+01    0.68593E+01
    0.26903E+01    0.65279E+01
    0.27447E+01    0.62121E+01
    0.28001E+01    0.59113E+01
    0.28567E+01    0.56248E+01
    0.29144E+01    0.53518E+01
    0.29733E+01    0.50918E+01
    0.30333E+01    0.48442E+01
    0.30946E+01    0.46084E+01
    0.31571E+01    0.43839E+01
    0.32209E+01    0.41700E+01
    0.32860E+01    0.39664E+01
    0.33523E+01    0.37726E+01
    0.34201E+01    0.35880E+01
    0.34892E+01    0.34123E+01
    0.35596E+01    0.32451E+01
    0.36316E+01    0.30859E+01
    0.37049E+01    0.29343E+01
    0.37798E+01    0.27901E+01
    0.38561E+01    0.26528E+01
    0.39340E+01    0.25222E+01
    0.40135E+01    0.23978E+01
    0.40946E+01    0.22795E+01
    0.41773E+01    0.21670E+01
    0.42617E+01    0.20599E+01
    0.43478E+01    0.19580E+01
    0.44356E+01    0.18610E+01
    0.45252E+01    0.17688E+01
    0.46166E+01    0.16811E+01
    0.47099E+01    0.15977E+01
    0.48050E+01    0.15183E+01
    0.49021E+01    0.14428E+01
    0.50011E+01    0.13710E+01
    0.51021E+01    0.13027E+01
    0.52052E+01    0.12378E+01
    0.53104E+01    0.11760E+01
    0.54176E+01    0.11173E+01
    0.55271E+01    0.10615E+01
    0.56387E+01    0.10084E+01
    0.57526E+01    0.95796E+00
    0.58689E+01    0.90999E+00
    0.59874E+01    0.86438E+00
    0.61084E+01    0.82103E+00
    0.62318E+01    0.77981E+00
    0.63577E+01    0.74064E+00
    0.64861E+01    0.70341E+00
    0.66171E+01    0.66803E+00
    0.67508E+01    0.63440E+00
    0.68872E+01    0.60244E+00
    0.70263E+01    0.57206E+00
    0.71682E+01    0.54320E+00
    0.73130E+01    0.51578E+00
    0.74608E+01    0.48972E+00
    0.76115E+01    0.46496E+00
    0.77653E+01    0.44144E+00
    0.79221E+01    0.41909E+00
    0.80822E+01    0.39786E+00
    0.82454E+01    0.37769E+00
    0.84120E+01    0.35853E+00
    0.85819E+01    0.34033E+00
    0.87553E+01    0.32305E+00
    0.89322E+01    0.30663E+00
    0.91126E+01    0.29103E+00
    0.92967E+01    0.27622E+00
    0.94845E+01    0.26214E+00
    0.96761E+01    0.24878E+00
    0.98716E+01    0.23609E+00
    0.10071E+02    0.22405E+00
    0.10274E+02    0.21261E+00
