  0.735943E-04  0.199586E+08  0.199586E+08  0.259005E+08  0.258994E+08  0.000000E+00  0.199586E+08
  0.869415E-04  0.199580E+08  0.199580E+08  0.256233E+08  0.256219E+08  0.000000E+00  0.199580E+08
  0.102709E-03  0.199573E+08  0.199573E+08  0.252410E+08  0.252390E+08  0.000000E+00  0.199573E+08
  0.121337E-03  0.199562E+08  0.199562E+08  0.247162E+08  0.247135E+08  0.000000E+00  0.199562E+08
  0.143342E-03  0.199547E+08  0.199547E+08  0.240003E+08  0.239967E+08  0.000000E+00  0.199547E+08
  0.169339E-03  0.199527E+08  0.199527E+08  0.230330E+08  0.230283E+08  0.000000E+00  0.199527E+08
  0.200050E-03  0.199498E+08  0.199498E+08  0.217426E+08  0.217365E+08  0.000000E+00  0.199498E+08
  0.236331E-03  0.199459E+08  0.199459E+08  0.200526E+08  0.200449E+08  0.000000E+00  0.199459E+08
  0.279193E-03  0.199404E+08  0.199404E+08  0.178958E+08  0.178867E+08  0.000000E+00  0.199404E+08
  0.329827E-03  0.199329E+08  0.199329E+08  0.152438E+08  0.152337E+08  0.000000E+00  0.199329E+08
  0.389645E-03  0.199227E+08  0.199226E+08  0.121532E+08  0.121434E+08  0.000000E+00  0.199227E+08
  0.460311E-03  0.199087E+08  0.199087E+08  0.882458E+07  0.881690E+07  0.000000E+00  0.199087E+08
  0.543793E-03  0.198900E+08  0.198900E+08  0.564043E+07  0.563702E+07  0.000000E+00  0.198900E+08
  0.642415E-03  0.198650E+08  0.198650E+08  0.311038E+07  0.311215E+07  0.000000E+00  0.198650E+08
  0.758924E-03  0.198321E+08  0.198321E+08  0.163317E+07  0.163772E+07  0.000000E+00  0.198321E+08
  0.896563E-03  0.197894E+08  0.197893E+08  0.112190E+07  0.112388E+07  0.000000E+00  0.197894E+08
  0.105916E-02  0.197344E+08  0.197343E+08  0.914424E+06  0.911724E+06  0.000000E+00  0.197344E+08
  0.125125E-02  0.196644E+08  0.196642E+08  0.494971E+06  0.493931E+06  0.000000E+00  0.196644E+08
  0.147818E-02  0.195759E+08  0.195757E+08  0.204818E+06  0.207100E+06  0.000000E+00  0.195759E+08
  0.174627E-02  0.194651E+08  0.194647E+08  0.182834E+06  0.181075E+06  0.000000E+00  0.194650E+08
  0.206297E-02  0.193273E+08  0.193268E+08  0.503793E+05  0.517065E+05  0.000000E+00  0.193272E+08
  0.243711E-02  0.191575E+08  0.191568E+08  0.502896E+05  0.482512E+05  0.000000E+00  0.191574E+08
  0.287911E-02  0.189499E+08  0.189490E+08  0.136524E+05  0.105909E+05  0.000000E+00  0.189498E+08
  0.340126E-02  0.186986E+08  0.186972E+08  0.000000E+00  0.000000E+00  0.000000E+00  0.186983E+08
  0.401812E-02  0.183969E+08  0.183950E+08  0.000000E+00  0.000000E+00  0.000000E+00  0.183966E+08
  0.474684E-02  0.180381E+08  0.180356E+08  0.000000E+00  0.000000E+00  0.000000E+00  0.180377E+08
  0.482662E-02  0.179989E+08  0.179963E+08  0.000000E+00  0.000000E+00  0.000000E+00  0.179985E+08
  0.490774E-02  0.179589E+08  0.179563E+08  0.000000E+00  0.000000E+00  0.000000E+00  0.179585E+08
  0.499022E-02  0.179184E+08  0.179156E+08  0.000000E+00  0.000000E+00  0.000000E+00  0.179179E+08
  0.507409E-02  0.178771E+08  0.178743E+08  0.000000E+00  0.000000E+00  0.000000E+00  0.178767E+08
  0.515936E-02  0.178353E+08  0.178323E+08  0.000000E+00  0.000000E+00  0.000000E+00  0.178348E+08
  0.524607E-02  0.177927E+08  0.177896E+08  0.000000E+00  0.000000E+00  0.000000E+00  0.177922E+08
  0.533424E-02  0.177494E+08  0.177463E+08  0.000000E+00  0.000000E+00  0.000000E+00  0.177489E+08
  0.542389E-02  0.177055E+08  0.177023E+08  0.000000E+00  0.000000E+00  0.000000E+00  0.177050E+08
  0.551504E-02  0.176609E+08  0.176575E+08  0.000000E+00  0.000000E+00  0.000000E+00  0.176604E+08
  0.560773E-02  0.176156E+08  0.176121E+08  0.000000E+00  0.000000E+00  0.000000E+00  0.176150E+08
  0.570198E-02  0.175695E+08  0.175660E+08  0.000000E+00  0.000000E+00  0.000000E+00  0.175690E+08
  0.579781E-02  0.175228E+08  0.175191E+08  0.000000E+00  0.000000E+00  0.000000E+00  0.175222E+08
  0.589525E-02  0.174753E+08  0.174715E+08  0.000000E+00  0.000000E+00  0.000000E+00  0.174747E+08
  0.599432E-02  0.174271E+08  0.174232E+08  0.000000E+00  0.000000E+00  0.000000E+00  0.174265E+08
  0.609507E-02  0.173782E+08  0.173742E+08  0.000000E+00  0.000000E+00  0.000000E+00  0.173775E+08
  0.619750E-02  0.173285E+08  0.173244E+08  0.000000E+00  0.000000E+00  0.000000E+00  0.173279E+08
  0.630166E-02  0.172781E+08  0.172738E+08  0.000000E+00  0.000000E+00  0.000000E+00  0.172774E+08
  0.640757E-02  0.172269E+08  0.172225E+08  0.000000E+00  0.000000E+00  0.000000E+00  0.172262E+08
  0.651525E-02  0.171750E+08  0.171704E+08  0.000000E+00  0.000000E+00  0.000000E+00  0.171743E+08
  0.662475E-02  0.171223E+08  0.171176E+08  0.000000E+00  0.000000E+00  0.000000E+00  0.171216E+08
  0.673609E-02  0.170688E+08  0.170640E+08  0.000000E+00  0.000000E+00  0.000000E+00  0.170681E+08
  0.684930E-02  0.170146E+08  0.170096E+08  0.000000E+00  0.000000E+00  0.000000E+00  0.170138E+08
  0.696441E-02  0.169595E+08  0.169544E+08  0.000000E+00  0.000000E+00  0.000000E+00  0.169587E+08
  0.708146E-02  0.169037E+08  0.168984E+08  0.000000E+00  0.000000E+00  0.000000E+00  0.169028E+08
  0.720047E-02  0.168470E+08  0.168416E+08  0.000000E+00  0.000000E+00  0.000000E+00  0.168462E+08
  0.732148E-02  0.167896E+08  0.167839E+08  0.000000E+00  0.000000E+00  0.000000E+00  0.167887E+08
  0.744453E-02  0.167313E+08  0.167255E+08  0.000000E+00  0.000000E+00  0.000000E+00  0.167304E+08
  0.756965E-02  0.166723E+08  0.166662E+08  0.000000E+00  0.000000E+00  0.000000E+00  0.166713E+08
  0.769686E-02  0.166123E+08  0.166061E+08  0.000000E+00  0.000000E+00  0.000000E+00  0.166114E+08
  0.782622E-02  0.165516E+08  0.165452E+08  0.000000E+00  0.000000E+00  0.000000E+00  0.165506E+08
  0.795775E-02  0.164900E+08  0.164834E+08  0.000000E+00  0.000000E+00  0.000000E+00  0.164890E+08
  0.809149E-02  0.164276E+08  0.164208E+08  0.000000E+00  0.000000E+00  0.000000E+00  0.164265E+08
  0.822748E-02  0.163643E+08  0.163573E+08  0.000000E+00  0.000000E+00  0.000000E+00  0.163632E+08
  0.836575E-02  0.163001E+08  0.162929E+08  0.000000E+00  0.000000E+00  0.000000E+00  0.162990E+08
  0.850635E-02  0.162351E+08  0.162277E+08  0.000000E+00  0.000000E+00  0.000000E+00  0.162339E+08
  0.864931E-02  0.161692E+08  0.161615E+08  0.000000E+00  0.000000E+00  0.000000E+00  0.161680E+08
  0.879467E-02  0.161025E+08  0.160945E+08  0.000000E+00  0.000000E+00  0.000000E+00  0.161012E+08
  0.894248E-02  0.160348E+08  0.160266E+08  0.000000E+00  0.000000E+00  0.000000E+00  0.160335E+08
  0.909277E-02  0.159662E+08  0.159578E+08  0.000000E+00  0.000000E+00  0.000000E+00  0.159649E+08
  0.924559E-02  0.158968E+08  0.158881E+08  0.000000E+00  0.000000E+00  0.000000E+00  0.158954E+08
  0.940097E-02  0.158264E+08  0.158175E+08  0.000000E+00  0.000000E+00  0.000000E+00  0.158250E+08
  0.955897E-02  0.157551E+08  0.157460E+08  0.000000E+00  0.000000E+00  0.000000E+00  0.157537E+08
  0.971962E-02  0.156830E+08  0.156735E+08  0.000000E+00  0.000000E+00  0.000000E+00  0.156815E+08
  0.988297E-02  0.156098E+08  0.156001E+08  0.000000E+00  0.000000E+00  0.000000E+00  0.156083E+08
  0.100491E-01  0.155358E+08  0.155257E+08  0.000000E+00  0.000000E+00  0.000000E+00  0.155342E+08
  0.102180E-01  0.154608E+08  0.154505E+08  0.000000E+00  0.000000E+00  0.000000E+00  0.154592E+08
  0.103897E-01  0.153849E+08  0.153742E+08  0.000000E+00  0.000000E+00  0.000000E+00  0.153832E+08
  0.105643E-01  0.153080E+08  0.152970E+08  0.000000E+00  0.000000E+00  0.000000E+00  0.153062E+08
  0.107418E-01  0.152301E+08  0.152189E+08  0.000000E+00  0.000000E+00  0.000000E+00  0.152284E+08
  0.109224E-01  0.151513E+08  0.151397E+08  0.000000E+00  0.000000E+00  0.000000E+00  0.151495E+08
  0.111059E-01  0.150716E+08  0.150596E+08  0.000000E+00  0.000000E+00  0.000000E+00  0.150697E+08
  0.112926E-01  0.149908E+08  0.149785E+08  0.000000E+00  0.000000E+00  0.000000E+00  0.149889E+08
  0.114824E-01  0.149091E+08  0.148964E+08  0.000000E+00  0.000000E+00  0.000000E+00  0.149071E+08
  0.116753E-01  0.148264E+08  0.148134E+08  0.000000E+00  0.000000E+00  0.000000E+00  0.148243E+08
  0.118716E-01  0.147427E+08  0.147293E+08  0.000000E+00  0.000000E+00  0.000000E+00  0.147406E+08
  0.120711E-01  0.146580E+08  0.146442E+08  0.000000E+00  0.000000E+00  0.000000E+00  0.146558E+08
  0.122740E-01  0.145723E+08  0.145581E+08  0.000000E+00  0.000000E+00  0.000000E+00  0.145701E+08
  0.124802E-01  0.144856E+08  0.144710E+08  0.000000E+00  0.000000E+00  0.000000E+00  0.144833E+08
  0.126900E-01  0.143979E+08  0.143829E+08  0.000000E+00  0.000000E+00  0.000000E+00  0.143955E+08
  0.129033E-01  0.143092E+08  0.142938E+08  0.000000E+00  0.000000E+00  0.000000E+00  0.143067E+08
  0.131201E-01  0.142194E+08  0.142036E+08  0.000000E+00  0.000000E+00  0.000000E+00  0.142169E+08
  0.133406E-01  0.141287E+08  0.141124E+08  0.000000E+00  0.000000E+00  0.000000E+00  0.141261E+08
  0.135648E-01  0.140369E+08  0.140202E+08  0.000000E+00  0.000000E+00  0.000000E+00  0.140342E+08
  0.137928E-01  0.139441E+08  0.139269E+08  0.000000E+00  0.000000E+00  0.000000E+00  0.139414E+08
  0.140246E-01  0.138502E+08  0.138326E+08  0.000000E+00  0.000000E+00  0.000000E+00  0.138474E+08
  0.142603E-01  0.137553E+08  0.137372E+08  0.000000E+00  0.000000E+00  0.000000E+00  0.137525E+08
  0.145000E-01  0.136594E+08  0.136408E+08  0.000000E+00  0.000000E+00  0.000000E+00  0.136565E+08
  0.147437E-01  0.135625E+08  0.135433E+08  0.000000E+00  0.000000E+00  0.000000E+00  0.135594E+08
  0.149914E-01  0.134645E+08  0.134448E+08  0.000000E+00  0.000000E+00  0.000000E+00  0.134614E+08
  0.152434E-01  0.133654E+08  0.133453E+08  0.000000E+00  0.000000E+00  0.000000E+00  0.133623E+08
  0.154996E-01  0.132654E+08  0.132447E+08  0.000000E+00  0.000000E+00  0.000000E+00  0.132621E+08
  0.157601E-01  0.131643E+08  0.131430E+08  0.000000E+00  0.000000E+00  0.000000E+00  0.131609E+08
  0.160249E-01  0.130621E+08  0.130404E+08  0.000000E+00  0.000000E+00  0.000000E+00  0.130587E+08
  0.162943E-01  0.129590E+08  0.129366E+08  0.000000E+00  0.000000E+00  0.000000E+00  0.129554E+08
  0.165681E-01  0.128548E+08  0.128319E+08  0.000000E+00  0.000000E+00  0.000000E+00  0.128511E+08
  0.168466E-01  0.127495E+08  0.127261E+08  0.000000E+00  0.000000E+00  0.000000E+00  0.127458E+08
  0.171297E-01  0.126433E+08  0.126192E+08  0.000000E+00  0.000000E+00  0.000000E+00  0.126395E+08
  0.174176E-01  0.125360E+08  0.125114E+08  0.000000E+00  0.000000E+00  0.000000E+00  0.125321E+08
  0.177103E-01  0.124277E+08  0.124025E+08  0.000000E+00  0.000000E+00  0.000000E+00  0.124237E+08
  0.180079E-01  0.123185E+08  0.122926E+08  0.000000E+00  0.000000E+00  0.000000E+00  0.123144E+08
  0.183106E-01  0.122082E+08  0.121817E+08  0.000000E+00  0.000000E+00  0.000000E+00  0.122040E+08
  0.186183E-01  0.120969E+08  0.120699E+08  0.000000E+00  0.000000E+00  0.000000E+00  0.120927E+08
  0.189312E-01  0.119847E+08  0.119570E+08  0.000000E+00  0.000000E+00  0.000000E+00  0.119804E+08
  0.192494E-01  0.118716E+08  0.118432E+08  0.000000E+00  0.000000E+00  0.000000E+00  0.118671E+08
  0.195729E-01  0.117575E+08  0.117285E+08  0.000000E+00  0.000000E+00  0.000000E+00  0.117529E+08
  0.199019E-01  0.116424E+08  0.116128E+08  0.000000E+00  0.000000E+00  0.000000E+00  0.116378E+08
  0.202363E-01  0.115265E+08  0.114963E+08  0.000000E+00  0.000000E+00  0.000000E+00  0.115217E+08
  0.205764E-01  0.114097E+08  0.113788E+08  0.000000E+00  0.000000E+00  0.000000E+00  0.114048E+08
  0.209222E-01  0.112920E+08  0.112605E+08  0.000000E+00  0.000000E+00  0.000000E+00  0.112870E+08
  0.212739E-01  0.111735E+08  0.111413E+08  0.000000E+00  0.000000E+00  0.000000E+00  0.111684E+08
  0.216314E-01  0.110542E+08  0.110213E+08  0.000000E+00  0.000000E+00  0.000000E+00  0.110490E+08
  0.219950E-01  0.109341E+08  0.109005E+08  0.000000E+00  0.000000E+00  0.000000E+00  0.109288E+08
  0.223646E-01  0.108132E+08  0.107790E+08  0.000000E+00  0.000000E+00  0.000000E+00  0.108078E+08
  0.227405E-01  0.106916E+08  0.106568E+08  0.000000E+00  0.000000E+00  0.000000E+00  0.106861E+08
  0.231227E-01  0.105693E+08  0.105339E+08  0.000000E+00  0.000000E+00  0.000000E+00  0.105637E+08
  0.235113E-01  0.104464E+08  0.104103E+08  0.000000E+00  0.000000E+00  0.000000E+00  0.104407E+08
  0.239064E-01  0.103229E+08  0.102862E+08  0.000000E+00  0.000000E+00  0.000000E+00  0.103171E+08
  0.243082E-01  0.101988E+08  0.101615E+08  0.000000E+00  0.000000E+00  0.000000E+00  0.101929E+08
  0.247167E-01  0.100742E+08  0.100362E+08  0.000000E+00  0.000000E+00  0.000000E+00  0.100682E+08
  0.251321E-01  0.994915E+07  0.991056E+07  0.000000E+00  0.000000E+00  0.000000E+00  0.994305E+07
  0.255545E-01  0.982366E+07  0.978448E+07  0.000000E+00  0.000000E+00  0.000000E+00  0.981746E+07
  0.259840E-01  0.969781E+07  0.965804E+07  0.000000E+00  0.000000E+00  0.000000E+00  0.969152E+07
  0.264207E-01  0.957166E+07  0.953132E+07  0.000000E+00  0.000000E+00  0.000000E+00  0.956527E+07
  0.268647E-01  0.944526E+07  0.940437E+07  0.000000E+00  0.000000E+00  0.000000E+00  0.943879E+07
  0.273162E-01  0.931867E+07  0.927725E+07  0.000000E+00  0.000000E+00  0.000000E+00  0.931212E+07
  0.277753E-01  0.919198E+07  0.915005E+07  0.000000E+00  0.000000E+00  0.000000E+00  0.918534E+07
  0.282421E-01  0.906524E+07  0.902282E+07  0.000000E+00  0.000000E+00  0.000000E+00  0.905853E+07
  0.287167E-01  0.893852E+07  0.889564E+07  0.000000E+00  0.000000E+00  0.000000E+00  0.893174E+07
  0.291993E-01  0.881192E+07  0.876860E+07  0.000000E+00  0.000000E+00  0.000000E+00  0.880506E+07
  0.296901E-01  0.868549E+07  0.864176E+07  0.000000E+00  0.000000E+00  0.000000E+00  0.867857E+07
  0.301891E-01  0.855933E+07  0.851522E+07  0.000000E+00  0.000000E+00  0.000000E+00  0.855235E+07
  0.306964E-01  0.843351E+07  0.838906E+07  0.000000E+00  0.000000E+00  0.000000E+00  0.842648E+07
  0.312123E-01  0.830813E+07  0.826337E+07  0.000000E+00  0.000000E+00  0.000000E+00  0.830105E+07
  0.317369E-01  0.818327E+07  0.813824E+07  0.000000E+00  0.000000E+00  0.000000E+00  0.817614E+07
  0.322703E-01  0.805902E+07  0.801376E+07  0.000000E+00  0.000000E+00  0.000000E+00  0.805186E+07
  0.328126E-01  0.793548E+07  0.789003E+07  0.000000E+00  0.000000E+00  0.000000E+00  0.792829E+07
  0.333641E-01  0.781275E+07  0.776714E+07  0.000000E+00  0.000000E+00  0.000000E+00  0.780553E+07
  0.339248E-01  0.769090E+07  0.764520E+07  0.000000E+00  0.000000E+00  0.000000E+00  0.768367E+07
  0.344950E-01  0.757006E+07  0.752430E+07  0.000000E+00  0.000000E+00  0.000000E+00  0.756282E+07
  0.350747E-01  0.745030E+07  0.740454E+07  0.000000E+00  0.000000E+00  0.000000E+00  0.744306E+07
  0.356642E-01  0.733173E+07  0.728601E+07  0.000000E+00  0.000000E+00  0.000000E+00  0.732450E+07
  0.362635E-01  0.721445E+07  0.716883E+07  0.000000E+00  0.000000E+00  0.000000E+00  0.720723E+07
  0.368730E-01  0.709855E+07  0.705310E+07  0.000000E+00  0.000000E+00  0.000000E+00  0.709136E+07
  0.374927E-01  0.698421E+07  0.693897E+07  0.000000E+00  0.000000E+00  0.000000E+00  0.697706E+07
  0.381228E-01  0.687146E+07  0.682649E+07  0.000000E+00  0.000000E+00  0.000000E+00  0.686435E+07
  0.387635E-01  0.676038E+07  0.671573E+07  0.000000E+00  0.000000E+00  0.000000E+00  0.675331E+07
  0.394150E-01  0.665102E+07  0.660676E+07  0.000000E+00  0.000000E+00  0.000000E+00  0.664402E+07
  0.400774E-01  0.654346E+07  0.649965E+07  0.000000E+00  0.000000E+00  0.000000E+00  0.653653E+07
  0.407510E-01  0.643777E+07  0.639447E+07  0.000000E+00  0.000000E+00  0.000000E+00  0.643092E+07
  0.414358E-01  0.633401E+07  0.629128E+07  0.000000E+00  0.000000E+00  0.000000E+00  0.632725E+07
  0.421322E-01  0.623224E+07  0.619014E+07  0.000000E+00  0.000000E+00  0.000000E+00  0.622558E+07
  0.428403E-01  0.613255E+07  0.609114E+07  0.000000E+00  0.000000E+00  0.000000E+00  0.612600E+07
  0.435603E-01  0.603499E+07  0.599433E+07  0.000000E+00  0.000000E+00  0.000000E+00  0.602856E+07
  0.442924E-01  0.593963E+07  0.589978E+07  0.000000E+00  0.000000E+00  0.000000E+00  0.593333E+07
  0.450368E-01  0.584652E+07  0.580752E+07  0.000000E+00  0.000000E+00  0.000000E+00  0.584035E+07
  0.457937E-01  0.575569E+07  0.571760E+07  0.000000E+00  0.000000E+00  0.000000E+00  0.574966E+07
  0.465633E-01  0.566714E+07  0.563003E+07  0.000000E+00  0.000000E+00  0.000000E+00  0.566127E+07
  0.473459E-01  0.558089E+07  0.554478E+07  0.000000E+00  0.000000E+00  0.000000E+00  0.557518E+07
  0.481416E-01  0.549690E+07  0.546184E+07  0.000000E+00  0.000000E+00  0.000000E+00  0.549135E+07
  0.489507E-01  0.541512E+07  0.538116E+07  0.000000E+00  0.000000E+00  0.000000E+00  0.540975E+07
  0.497733E-01  0.533551E+07  0.530268E+07  0.000000E+00  0.000000E+00  0.000000E+00  0.533031E+07
  0.506099E-01  0.525800E+07  0.522632E+07  0.000000E+00  0.000000E+00  0.000000E+00  0.525298E+07
  0.514604E-01  0.518251E+07  0.515202E+07  0.000000E+00  0.000000E+00  0.000000E+00  0.517768E+07
  0.523253E-01  0.510896E+07  0.507967E+07  0.000000E+00  0.000000E+00  0.000000E+00  0.510432E+07
  0.532047E-01  0.503726E+07  0.500918E+07  0.000000E+00  0.000000E+00  0.000000E+00  0.503281E+07
  0.540989E-01  0.496728E+07  0.494042E+07  0.000000E+00  0.000000E+00  0.000000E+00  0.496303E+07
  0.550081E-01  0.489891E+07  0.487326E+07  0.000000E+00  0.000000E+00  0.000000E+00  0.489485E+07
  0.559325E-01  0.483198E+07  0.480754E+07  0.000000E+00  0.000000E+00  0.000000E+00  0.482811E+07
  0.568726E-01  0.476635E+07  0.474309E+07  0.000000E+00  0.000000E+00  0.000000E+00  0.476267E+07
  0.578284E-01  0.470186E+07  0.467976E+07  0.000000E+00  0.000000E+00  0.000000E+00  0.469836E+07
  0.591912E-01  0.461330E+07  0.459276E+07  0.000000E+00  0.000000E+00  0.000000E+00  0.461005E+07
  0.605541E-01  0.452813E+07  0.450904E+07  0.000000E+00  0.000000E+00  0.000000E+00  0.452511E+07
  0.619170E-01  0.444576E+07  0.442798E+07  0.000000E+00  0.000000E+00  0.000000E+00  0.444294E+07
  0.632798E-01  0.436557E+07  0.434897E+07  0.000000E+00  0.000000E+00  0.000000E+00  0.436294E+07
  0.646427E-01  0.428702E+07  0.427145E+07  0.000000E+00  0.000000E+00  0.000000E+00  0.428456E+07
  0.660055E-01  0.420963E+07  0.419494E+07  0.000000E+00  0.000000E+00  0.000000E+00  0.420730E+07
  0.673684E-01  0.413300E+07  0.411904E+07  0.000000E+00  0.000000E+00  0.000000E+00  0.413080E+07
  0.687312E-01  0.405689E+07  0.404351E+07  0.000000E+00  0.000000E+00  0.000000E+00  0.405477E+07
  0.700941E-01  0.398112E+07  0.396818E+07  0.000000E+00  0.000000E+00  0.000000E+00  0.397907E+07
  0.714570E-01  0.390558E+07  0.389294E+07  0.000000E+00  0.000000E+00  0.000000E+00  0.390358E+07
  0.728198E-01  0.383018E+07  0.381772E+07  0.000000E+00  0.000000E+00  0.000000E+00  0.382821E+07
  0.741827E-01  0.375485E+07  0.374244E+07  0.000000E+00  0.000000E+00  0.000000E+00  0.375288E+07
  0.755455E-01  0.367953E+07  0.366708E+07  0.000000E+00  0.000000E+00  0.000000E+00  0.367756E+07
  0.769084E-01  0.360430E+07  0.359171E+07  0.000000E+00  0.000000E+00  0.000000E+00  0.360230E+07
  0.782713E-01  0.352931E+07  0.351651E+07  0.000000E+00  0.000000E+00  0.000000E+00  0.352729E+07
  0.796341E-01  0.345479E+07  0.344170E+07  0.000000E+00  0.000000E+00  0.000000E+00  0.345272E+07
  0.809970E-01  0.338093E+07  0.336752E+07  0.000000E+00  0.000000E+00  0.000000E+00  0.337881E+07
  0.823598E-01  0.330794E+07  0.329417E+07  0.000000E+00  0.000000E+00  0.000000E+00  0.330577E+07
  0.837227E-01  0.323599E+07  0.322184E+07  0.000000E+00  0.000000E+00  0.000000E+00  0.323375E+07
  0.850855E-01  0.316524E+07  0.315070E+07  0.000000E+00  0.000000E+00  0.000000E+00  0.316294E+07
  0.864484E-01  0.309588E+07  0.308096E+07  0.000000E+00  0.000000E+00  0.000000E+00  0.309352E+07
  0.878113E-01  0.302811E+07  0.301283E+07  0.000000E+00  0.000000E+00  0.000000E+00  0.302569E+07
  0.891741E-01  0.296215E+07  0.294654E+07  0.000000E+00  0.000000E+00  0.000000E+00  0.295968E+07
  0.905370E-01  0.289821E+07  0.288232E+07  0.000000E+00  0.000000E+00  0.000000E+00  0.289570E+07
  0.918998E-01  0.283648E+07  0.282034E+07  0.000000E+00  0.000000E+00  0.000000E+00  0.283393E+07
  0.932627E-01  0.277709E+07  0.276078E+07  0.000000E+00  0.000000E+00  0.000000E+00  0.277451E+07
  0.946256E-01  0.272018E+07  0.270375E+07  0.000000E+00  0.000000E+00  0.000000E+00  0.271758E+07
  0.959884E-01  0.266584E+07  0.264935E+07  0.000000E+00  0.000000E+00  0.000000E+00  0.266323E+07
  0.973513E-01  0.261413E+07  0.259766E+07  0.000000E+00  0.000000E+00  0.000000E+00  0.261153E+07
  0.987141E-01  0.256510E+07  0.254871E+07  0.000000E+00  0.000000E+00  0.000000E+00  0.256250E+07
  0.100077E+00  0.251872E+07  0.250248E+07  0.000000E+00  0.000000E+00  0.000000E+00  0.251615E+07
  0.101440E+00  0.247496E+07  0.245893E+07  0.000000E+00  0.000000E+00  0.000000E+00  0.247242E+07
  0.102803E+00  0.243372E+07  0.241797E+07  0.000000E+00  0.000000E+00  0.000000E+00  0.243122E+07
  0.104166E+00  0.239491E+07  0.237950E+07  0.000000E+00  0.000000E+00  0.000000E+00  0.239247E+07
  0.105528E+00  0.235842E+07  0.234340E+07  0.000000E+00  0.000000E+00  0.000000E+00  0.235605E+07
  0.106891E+00  0.232415E+07  0.230957E+07  0.000000E+00  0.000000E+00  0.000000E+00  0.232185E+07
  0.108254E+00  0.229197E+07  0.227786E+07  0.000000E+00  0.000000E+00  0.000000E+00  0.228974E+07
  0.109617E+00  0.226172E+07  0.224812E+07  0.000000E+00  0.000000E+00  0.000000E+00  0.225957E+07
  0.110980E+00  0.223322E+07  0.222015E+07  0.000000E+00  0.000000E+00  0.000000E+00  0.223115E+07
  0.112343E+00  0.220627E+07  0.219375E+07  0.000000E+00  0.000000E+00  0.000000E+00  0.220429E+07
  0.113706E+00  0.218067E+07  0.216871E+07  0.000000E+00  0.000000E+00  0.000000E+00  0.217878E+07
  0.115068E+00  0.215622E+07  0.214481E+07  0.000000E+00  0.000000E+00  0.000000E+00  0.215442E+07
  0.116431E+00  0.213273E+07  0.212187E+07  0.000000E+00  0.000000E+00  0.000000E+00  0.213101E+07
  0.117794E+00  0.211000E+07  0.209967E+07  0.000000E+00  0.000000E+00  0.000000E+00  0.210837E+07
  0.119157E+00  0.208786E+07  0.207805E+07  0.000000E+00  0.000000E+00  0.000000E+00  0.208631E+07
  0.120520E+00  0.206615E+07  0.205682E+07  0.000000E+00  0.000000E+00  0.000000E+00  0.206467E+07
  0.121883E+00  0.204469E+07  0.203581E+07  0.000000E+00  0.000000E+00  0.000000E+00  0.204329E+07
  0.123246E+00  0.202335E+07  0.201489E+07  0.000000E+00  0.000000E+00  0.000000E+00  0.202201E+07
  0.124608E+00  0.200200E+07  0.199391E+07  0.000000E+00  0.000000E+00  0.000000E+00  0.200072E+07
  0.125971E+00  0.198053E+07  0.197278E+07  0.000000E+00  0.000000E+00  0.000000E+00  0.197931E+07
  0.127334E+00  0.195887E+07  0.195140E+07  0.000000E+00  0.000000E+00  0.000000E+00  0.195768E+07
  0.128697E+00  0.193693E+07  0.192970E+07  0.000000E+00  0.000000E+00  0.000000E+00  0.193579E+07
  0.130060E+00  0.191467E+07  0.190764E+07  0.000000E+00  0.000000E+00  0.000000E+00  0.191356E+07
  0.131423E+00  0.189206E+07  0.188518E+07  0.000000E+00  0.000000E+00  0.000000E+00  0.189097E+07
  0.132786E+00  0.186907E+07  0.186229E+07  0.000000E+00  0.000000E+00  0.000000E+00  0.186800E+07
  0.134148E+00  0.184569E+07  0.183897E+07  0.000000E+00  0.000000E+00  0.000000E+00  0.184462E+07
  0.135511E+00  0.182193E+07  0.181524E+07  0.000000E+00  0.000000E+00  0.000000E+00  0.182087E+07
  0.136874E+00  0.179784E+07  0.179114E+07  0.000000E+00  0.000000E+00  0.000000E+00  0.179678E+07
  0.138237E+00  0.177346E+07  0.176671E+07  0.000000E+00  0.000000E+00  0.000000E+00  0.177240E+07
  0.139600E+00  0.174887E+07  0.174205E+07  0.000000E+00  0.000000E+00  0.000000E+00  0.174779E+07
  0.140963E+00  0.172414E+07  0.171722E+07  0.000000E+00  0.000000E+00  0.000000E+00  0.172304E+07
  0.142326E+00  0.169935E+07  0.169232E+07  0.000000E+00  0.000000E+00  0.000000E+00  0.169824E+07
  0.143688E+00  0.167460E+07  0.166744E+07  0.000000E+00  0.000000E+00  0.000000E+00  0.167346E+07
  0.145051E+00  0.164995E+07  0.164265E+07  0.000000E+00  0.000000E+00  0.000000E+00  0.164880E+07
  0.146414E+00  0.162550E+07  0.161806E+07  0.000000E+00  0.000000E+00  0.000000E+00  0.162432E+07
  0.147777E+00  0.160132E+07  0.159374E+07  0.000000E+00  0.000000E+00  0.000000E+00  0.160012E+07
  0.149140E+00  0.157750E+07  0.156978E+07  0.000000E+00  0.000000E+00  0.000000E+00  0.157628E+07
  0.150503E+00  0.155412E+07  0.154628E+07  0.000000E+00  0.000000E+00  0.000000E+00  0.155288E+07
  0.151866E+00  0.153127E+07  0.152331E+07  0.000000E+00  0.000000E+00  0.000000E+00  0.153001E+07
  0.153228E+00  0.150901E+07  0.150095E+07  0.000000E+00  0.000000E+00  0.000000E+00  0.150774E+07
  0.154591E+00  0.148742E+07  0.147927E+07  0.000000E+00  0.000000E+00  0.000000E+00  0.148613E+07
  0.155954E+00  0.146654E+07  0.145833E+07  0.000000E+00  0.000000E+00  0.000000E+00  0.146524E+07
  0.157317E+00  0.144643E+07  0.143818E+07  0.000000E+00  0.000000E+00  0.000000E+00  0.144512E+07
  0.158680E+00  0.142711E+07  0.141885E+07  0.000000E+00  0.000000E+00  0.000000E+00  0.142581E+07
  0.160043E+00  0.140862E+07  0.140037E+07  0.000000E+00  0.000000E+00  0.000000E+00  0.140732E+07
  0.161406E+00  0.139096E+07  0.138274E+07  0.000000E+00  0.000000E+00  0.000000E+00  0.138966E+07
  0.162768E+00  0.137412E+07  0.136596E+07  0.000000E+00  0.000000E+00  0.000000E+00  0.137283E+07
  0.164131E+00  0.135811E+07  0.135003E+07  0.000000E+00  0.000000E+00  0.000000E+00  0.135683E+07
  0.165494E+00  0.134289E+07  0.133492E+07  0.000000E+00  0.000000E+00  0.000000E+00  0.134163E+07
  0.166857E+00  0.132845E+07  0.132059E+07  0.000000E+00  0.000000E+00  0.000000E+00  0.132720E+07
  0.168220E+00  0.131474E+07  0.130703E+07  0.000000E+00  0.000000E+00  0.000000E+00  0.131352E+07
  0.169583E+00  0.130173E+07  0.129418E+07  0.000000E+00  0.000000E+00  0.000000E+00  0.130054E+07
  0.170946E+00  0.128937E+07  0.128200E+07  0.000000E+00  0.000000E+00  0.000000E+00  0.128821E+07
  0.172308E+00  0.127761E+07  0.127043E+07  0.000000E+00  0.000000E+00  0.000000E+00  0.127648E+07
  0.173671E+00  0.126639E+07  0.125940E+07  0.000000E+00  0.000000E+00  0.000000E+00  0.126529E+07
  0.175034E+00  0.125565E+07  0.124886E+07  0.000000E+00  0.000000E+00  0.000000E+00  0.125457E+07
  0.176397E+00  0.124531E+07  0.123873E+07  0.000000E+00  0.000000E+00  0.000000E+00  0.124427E+07
  0.177760E+00  0.123531E+07  0.122894E+07  0.000000E+00  0.000000E+00  0.000000E+00  0.123431E+07
  0.179123E+00  0.122560E+07  0.121943E+07  0.000000E+00  0.000000E+00  0.000000E+00  0.122462E+07
  0.180486E+00  0.121610E+07  0.121013E+07  0.000000E+00  0.000000E+00  0.000000E+00  0.121515E+07
  0.181848E+00  0.120675E+07  0.120098E+07  0.000000E+00  0.000000E+00  0.000000E+00  0.120584E+07
  0.183211E+00  0.119750E+07  0.119191E+07  0.000000E+00  0.000000E+00  0.000000E+00  0.119661E+07
  0.184574E+00  0.118829E+07  0.118287E+07  0.000000E+00  0.000000E+00  0.000000E+00  0.118743E+07
  0.185937E+00  0.117907E+07  0.117382E+07  0.000000E+00  0.000000E+00  0.000000E+00  0.117824E+07
  0.187300E+00  0.116981E+07  0.116470E+07  0.000000E+00  0.000000E+00  0.000000E+00  0.116900E+07
  0.188663E+00  0.116047E+07  0.115550E+07  0.000000E+00  0.000000E+00  0.000000E+00  0.115968E+07
  0.190026E+00  0.115102E+07  0.114617E+07  0.000000E+00  0.000000E+00  0.000000E+00  0.115025E+07
  0.191388E+00  0.114145E+07  0.113670E+07  0.000000E+00  0.000000E+00  0.000000E+00  0.114070E+07
  0.192751E+00  0.113173E+07  0.112707E+07  0.000000E+00  0.000000E+00  0.000000E+00  0.113099E+07
  0.194114E+00  0.112184E+07  0.111725E+07  0.000000E+00  0.000000E+00  0.000000E+00  0.112112E+07
  0.195477E+00  0.111179E+07  0.110725E+07  0.000000E+00  0.000000E+00  0.000000E+00  0.111107E+07
  0.196840E+00  0.110156E+07  0.109706E+07  0.000000E+00  0.000000E+00  0.000000E+00  0.110085E+07
  0.198203E+00  0.109118E+07  0.108670E+07  0.000000E+00  0.000000E+00  0.000000E+00  0.109047E+07
  0.199566E+00  0.108065E+07  0.107618E+07  0.000000E+00  0.000000E+00  0.000000E+00  0.107994E+07
  0.200929E+00  0.106999E+07  0.106553E+07  0.000000E+00  0.000000E+00  0.000000E+00  0.106929E+07
  0.202291E+00  0.105924E+07  0.105477E+07  0.000000E+00  0.000000E+00  0.000000E+00  0.105853E+07
  0.203654E+00  0.104841E+07  0.104392E+07  0.000000E+00  0.000000E+00  0.000000E+00  0.104770E+07
  0.205017E+00  0.103754E+07  0.103301E+07  0.000000E+00  0.000000E+00  0.000000E+00  0.103682E+07
  0.206380E+00  0.102664E+07  0.102208E+07  0.000000E+00  0.000000E+00  0.000000E+00  0.102592E+07
  0.207743E+00  0.101576E+07  0.101117E+07  0.000000E+00  0.000000E+00  0.000000E+00  0.101503E+07
  0.209106E+00  0.100493E+07  0.100029E+07  0.000000E+00  0.000000E+00  0.000000E+00  0.100419E+07
  0.210469E+00  0.994167E+06  0.989488E+06  0.000000E+00  0.000000E+00  0.000000E+00  0.993427E+06
  0.211831E+00  0.983517E+06  0.978798E+06  0.000000E+00  0.000000E+00  0.000000E+00  0.982770E+06
  0.213194E+00  0.973006E+06  0.968248E+06  0.000000E+00  0.000000E+00  0.000000E+00  0.972254E+06
  0.214557E+00  0.962665E+06  0.957872E+06  0.000000E+00  0.000000E+00  0.000000E+00  0.961907E+06
  0.215920E+00  0.952522E+06  0.947697E+06  0.000000E+00  0.000000E+00  0.000000E+00  0.951758E+06
  0.220195E+00  0.922257E+06  0.917377E+06  0.000000E+00  0.000000E+00  0.000000E+00  0.921485E+06
  0.224556E+00  0.894225E+06  0.889368E+06  0.000000E+00  0.000000E+00  0.000000E+00  0.893457E+06
  0.229002E+00  0.868776E+06  0.864032E+06  0.000000E+00  0.000000E+00  0.000000E+00  0.868026E+06
  0.233537E+00  0.845902E+06  0.841354E+06  0.000000E+00  0.000000E+00  0.000000E+00  0.845183E+06
  0.238161E+00  0.825246E+06  0.820954E+06  0.000000E+00  0.000000E+00  0.000000E+00  0.824567E+06
  0.242877E+00  0.806133E+06  0.802125E+06  0.000000E+00  0.000000E+00  0.000000E+00  0.805499E+06
  0.247686E+00  0.787706E+06  0.783972E+06  0.000000E+00  0.000000E+00  0.000000E+00  0.787115E+06
  0.252591E+00  0.769181E+06  0.765678E+06  0.000000E+00  0.000000E+00  0.000000E+00  0.768627E+06
  0.257592E+00  0.749934E+06  0.746595E+06  0.000000E+00  0.000000E+00  0.000000E+00  0.749406E+06
  0.262693E+00  0.729640E+06  0.726392E+06  0.000000E+00  0.000000E+00  0.000000E+00  0.729126E+06
  0.267895E+00  0.708402E+06  0.705180E+06  0.000000E+00  0.000000E+00  0.000000E+00  0.707892E+06
  0.273199E+00  0.686645E+06  0.683411E+06  0.000000E+00  0.000000E+00  0.000000E+00  0.686134E+06
  0.278609E+00  0.665000E+06  0.661745E+06  0.000000E+00  0.000000E+00  0.000000E+00  0.664485E+06
  0.284126E+00  0.644172E+06  0.640917E+06  0.000000E+00  0.000000E+00  0.000000E+00  0.643657E+06
  0.289752E+00  0.624707E+06  0.621494E+06  0.000000E+00  0.000000E+00  0.000000E+00  0.624198E+06
  0.295489E+00  0.606843E+06  0.603724E+06  0.000000E+00  0.000000E+00  0.000000E+00  0.606350E+06
  0.301341E+00  0.590507E+06  0.587522E+06  0.000000E+00  0.000000E+00  0.000000E+00  0.590035E+06
  0.307308E+00  0.575280E+06  0.572451E+06  0.000000E+00  0.000000E+00  0.000000E+00  0.574833E+06
  0.313393E+00  0.560596E+06  0.557917E+06  0.000000E+00  0.000000E+00  0.000000E+00  0.560172E+06
  0.319598E+00  0.545914E+06  0.543359E+06  0.000000E+00  0.000000E+00  0.000000E+00  0.545510E+06
  0.325927E+00  0.530872E+06  0.528402E+06  0.000000E+00  0.000000E+00  0.000000E+00  0.530481E+06
  0.332380E+00  0.515426E+06  0.513005E+06  0.000000E+00  0.000000E+00  0.000000E+00  0.515043E+06
  0.338962E+00  0.499806E+06  0.497410E+06  0.000000E+00  0.000000E+00  0.000000E+00  0.499427E+06
  0.345674E+00  0.484425E+06  0.482053E+06  0.000000E+00  0.000000E+00  0.000000E+00  0.484049E+06
  0.352519E+00  0.469705E+06  0.467371E+06  0.000000E+00  0.000000E+00  0.000000E+00  0.469336E+06
  0.359499E+00  0.455893E+06  0.453621E+06  0.000000E+00  0.000000E+00  0.000000E+00  0.455534E+06
  0.366618E+00  0.443000E+06  0.440811E+06  0.000000E+00  0.000000E+00  0.000000E+00  0.442654E+06
  0.373877E+00  0.430788E+06  0.428691E+06  0.000000E+00  0.000000E+00  0.000000E+00  0.430456E+06
  0.381280E+00  0.418925E+06  0.416916E+06  0.000000E+00  0.000000E+00  0.000000E+00  0.418607E+06
  0.388830E+00  0.407110E+06  0.405171E+06  0.000000E+00  0.000000E+00  0.000000E+00  0.406803E+06
  0.396530E+00  0.395231E+06  0.393345E+06  0.000000E+00  0.000000E+00  0.000000E+00  0.394933E+06
  0.404381E+00  0.383366E+06  0.381518E+06  0.000000E+00  0.000000E+00  0.000000E+00  0.383074E+06
  0.412389E+00  0.371742E+06  0.369930E+06  0.000000E+00  0.000000E+00  0.000000E+00  0.371455E+06
  0.420555E+00  0.360570E+06  0.358802E+06  0.000000E+00  0.000000E+00  0.000000E+00  0.360291E+06
  0.428882E+00  0.349961E+06  0.348247E+06  0.000000E+00  0.000000E+00  0.000000E+00  0.349690E+06
  0.437375E+00  0.339850E+06  0.338197E+06  0.000000E+00  0.000000E+00  0.000000E+00  0.339589E+06
  0.446035E+00  0.330076E+06  0.328482E+06  0.000000E+00  0.000000E+00  0.000000E+00  0.329824E+06
  0.454867E+00  0.320469E+06  0.318927E+06  0.000000E+00  0.000000E+00  0.000000E+00  0.320225E+06
  0.463874E+00  0.310959E+06  0.309462E+06  0.000000E+00  0.000000E+00  0.000000E+00  0.310722E+06
  0.473060E+00  0.301598E+06  0.300138E+06  0.000000E+00  0.000000E+00  0.000000E+00  0.301367E+06
  0.482427E+00  0.292491E+06  0.291069E+06  0.000000E+00  0.000000E+00  0.000000E+00  0.292266E+06
  0.491980E+00  0.283730E+06  0.282349E+06  0.000000E+00  0.000000E+00  0.000000E+00  0.283512E+06
  0.501721E+00  0.275315E+06  0.273978E+06  0.000000E+00  0.000000E+00  0.000000E+00  0.275103E+06
  0.511656E+00  0.267174E+06  0.265881E+06  0.000000E+00  0.000000E+00  0.000000E+00  0.266969E+06
  0.521788E+00  0.259226E+06  0.257974E+06  0.000000E+00  0.000000E+00  0.000000E+00  0.259028E+06
  0.532120E+00  0.251433E+06  0.250218E+06  0.000000E+00  0.000000E+00  0.000000E+00  0.251241E+06
  0.542656E+00  0.243822E+06  0.242641E+06  0.000000E+00  0.000000E+00  0.000000E+00  0.243635E+06
  0.553402E+00  0.236441E+06  0.235294E+06  0.000000E+00  0.000000E+00  0.000000E+00  0.236259E+06
  0.564360E+00  0.229310E+06  0.228198E+06  0.000000E+00  0.000000E+00  0.000000E+00  0.229134E+06
  0.575535E+00  0.222409E+06  0.221332E+06  0.000000E+00  0.000000E+00  0.000000E+00  0.222238E+06
  0.586931E+00  0.215698E+06  0.214655E+06  0.000000E+00  0.000000E+00  0.000000E+00  0.215533E+06
  0.598553E+00  0.209154E+06  0.208142E+06  0.000000E+00  0.000000E+00  0.000000E+00  0.208994E+06
  0.610405E+00  0.202782E+06  0.201800E+06  0.000000E+00  0.000000E+00  0.000000E+00  0.202627E+06
  0.622492E+00  0.196599E+06  0.195647E+06  0.000000E+00  0.000000E+00  0.000000E+00  0.196449E+06
  0.634818E+00  0.190610E+06  0.189687E+06  0.000000E+00  0.000000E+00  0.000000E+00  0.190464E+06
  0.647389E+00  0.184801E+06  0.183907E+06  0.000000E+00  0.000000E+00  0.000000E+00  0.184660E+06
  0.723469E+00  0.154877E+06  0.154128E+06  0.000000E+00  0.000000E+00  0.000000E+00  0.154759E+06
  0.808491E+00  0.129599E+06  0.128972E+06  0.000000E+00  0.000000E+00  0.000000E+00  0.129499E+06
  0.903504E+00  0.108286E+06  0.107762E+06  0.000000E+00  0.000000E+00  0.000000E+00  0.108203E+06
  0.100968E+01  0.903542E+05  0.899171E+05  0.000000E+00  0.000000E+00  0.000000E+00  0.902850E+05
  0.112834E+01  0.752911E+05  0.749269E+05  0.000000E+00  0.000000E+00  0.000000E+00  0.752335E+05
  0.126094E+01  0.626614E+05  0.623583E+05  0.000000E+00  0.000000E+00  0.000000E+00  0.626134E+05
  0.140913E+01  0.520876E+05  0.518357E+05  0.000000E+00  0.000000E+00  0.000000E+00  0.520478E+05
  0.157472E+01  0.432494E+05  0.430403E+05  0.000000E+00  0.000000E+00  0.000000E+00  0.432164E+05
  0.175979E+01  0.358722E+05  0.356988E+05  0.000000E+00  0.000000E+00  0.000000E+00  0.358448E+05
  0.196659E+01  0.297229E+05  0.295792E+05  0.000000E+00  0.000000E+00  0.000000E+00  0.297002E+05
  0.219771E+01  0.246037E+05  0.244847E+05  0.000000E+00  0.000000E+00  0.000000E+00  0.245849E+05
  0.245598E+01  0.203472E+05  0.202488E+05  0.000000E+00  0.000000E+00  0.000000E+00  0.203317E+05
  0.274460E+01  0.168122E+05  0.167309E+05  0.000000E+00  0.000000E+00  0.000000E+00  0.167994E+05
  0.306715E+01  0.138797E+05  0.138125E+05  0.000000E+00  0.000000E+00  0.000000E+00  0.138691E+05
  0.342759E+01  0.114494E+05  0.113940E+05  0.000000E+00  0.000000E+00  0.000000E+00  0.114406E+05
  0.383040E+01  0.943737E+04  0.939170E+04  0.000000E+00  0.000000E+00  0.000000E+00  0.943014E+04
  0.428055E+01  0.777318E+04  0.773555E+04  0.000000E+00  0.000000E+00  0.000000E+00  0.776723E+04
  0.478359E+01  0.639795E+04  0.636697E+04  0.000000E+00  0.000000E+00  0.000000E+00  0.639305E+04
  0.534575E+01  0.526247E+04  0.523697E+04  0.000000E+00  0.000000E+00  0.000000E+00  0.525844E+04
  0.597398E+01  0.432572E+04  0.430475E+04  0.000000E+00  0.000000E+00  0.000000E+00  0.432240E+04
  0.667604E+01  0.355351E+04  0.353627E+04  0.000000E+00  0.000000E+00  0.000000E+00  0.355078E+04
  0.746060E+01  0.291742E+04  0.290325E+04  0.000000E+00  0.000000E+00  0.000000E+00  0.291518E+04
  0.833737E+01  0.239383E+04  0.238218E+04  0.000000E+00  0.000000E+00  0.000000E+00  0.239199E+04
  0.931716E+01  0.196313E+04  0.195356E+04  0.000000E+00  0.000000E+00  0.000000E+00  0.196162E+04
  0.104121E+02  0.160908E+04  0.160121E+04  0.000000E+00  0.000000E+00  0.000000E+00  0.160783E+04
