  0.735943E-04  0.200258E+08  0.200258E+08  0.259851E+08  0.259840E+08  0.000000E+00  0.200258E+08
  0.869415E-04  0.200252E+08  0.200252E+08  0.257060E+08  0.257045E+08  0.000000E+00  0.200252E+08
  0.102709E-03  0.200245E+08  0.200245E+08  0.253210E+08  0.253191E+08  0.000000E+00  0.200245E+08
  0.121337E-03  0.200234E+08  0.200234E+08  0.247926E+08  0.247899E+08  0.000000E+00  0.200234E+08
  0.143342E-03  0.200219E+08  0.200219E+08  0.240719E+08  0.240683E+08  0.000000E+00  0.200219E+08
  0.169339E-03  0.200198E+08  0.200198E+08  0.230981E+08  0.230934E+08  0.000000E+00  0.200198E+08
  0.200050E-03  0.200169E+08  0.200169E+08  0.217994E+08  0.217932E+08  0.000000E+00  0.200169E+08
  0.236331E-03  0.200129E+08  0.200129E+08  0.200987E+08  0.200910E+08  0.000000E+00  0.200129E+08
  0.279193E-03  0.200074E+08  0.200074E+08  0.179291E+08  0.179199E+08  0.000000E+00  0.200074E+08
  0.329827E-03  0.199998E+08  0.199998E+08  0.152625E+08  0.152525E+08  0.000000E+00  0.199998E+08
  0.389645E-03  0.199895E+08  0.199895E+08  0.121572E+08  0.121474E+08  0.000000E+00  0.199895E+08
  0.460311E-03  0.199754E+08  0.199754E+08  0.881606E+07  0.880840E+07  0.000000E+00  0.199754E+08
  0.543793E-03  0.199565E+08  0.199564E+08  0.562492E+07  0.562156E+07  0.000000E+00  0.199564E+08
  0.642415E-03  0.199312E+08  0.199312E+08  0.309569E+07  0.309752E+07  0.000000E+00  0.199312E+08
  0.758924E-03  0.198980E+08  0.198979E+08  0.162542E+07  0.162999E+07  0.000000E+00  0.198980E+08
  0.896563E-03  0.198548E+08  0.198547E+08  0.112018E+07  0.112210E+07  0.000000E+00  0.198548E+08
  0.105916E-02  0.197993E+08  0.197992E+08  0.911650E+06  0.908917E+06  0.000000E+00  0.197993E+08
  0.125125E-02  0.197286E+08  0.197284E+08  0.489481E+06  0.488491E+06  0.000000E+00  0.197286E+08
  0.147818E-02  0.196393E+08  0.196390E+08  0.202758E+06  0.205032E+06  0.000000E+00  0.196392E+08
  0.174627E-02  0.195274E+08  0.195270E+08  0.181036E+06  0.179252E+06  0.000000E+00  0.195273E+08
  0.206297E-02  0.193884E+08  0.193878E+08  0.486659E+05  0.500225E+05  0.000000E+00  0.193883E+08
  0.243711E-02  0.192170E+08  0.192163E+08  0.490668E+05  0.469964E+05  0.000000E+00  0.192169E+08
  0.287911E-02  0.190076E+08  0.190067E+08  0.133783E+05  0.102141E+05  0.000000E+00  0.190075E+08
  0.340126E-02  0.187541E+08  0.187528E+08  0.000000E+00  0.000000E+00  0.000000E+00  0.187539E+08
  0.401812E-02  0.184500E+08  0.184481E+08  0.000000E+00  0.000000E+00  0.000000E+00  0.184497E+08
  0.474684E-02  0.180884E+08  0.180859E+08  0.000000E+00  0.000000E+00  0.000000E+00  0.180880E+08
  0.482662E-02  0.180488E+08  0.180462E+08  0.000000E+00  0.000000E+00  0.000000E+00  0.180484E+08
  0.490774E-02  0.180086E+08  0.180059E+08  0.000000E+00  0.000000E+00  0.000000E+00  0.180082E+08
  0.499022E-02  0.179677E+08  0.179649E+08  0.000000E+00  0.000000E+00  0.000000E+00  0.179673E+08
  0.507409E-02  0.179262E+08  0.179233E+08  0.000000E+00  0.000000E+00  0.000000E+00  0.179257E+08
  0.515936E-02  0.178840E+08  0.178810E+08  0.000000E+00  0.000000E+00  0.000000E+00  0.178835E+08
  0.524607E-02  0.178411E+08  0.178380E+08  0.000000E+00  0.000000E+00  0.000000E+00  0.178406E+08
  0.533424E-02  0.177975E+08  0.177943E+08  0.000000E+00  0.000000E+00  0.000000E+00  0.177970E+08
  0.542389E-02  0.177532E+08  0.177500E+08  0.000000E+00  0.000000E+00  0.000000E+00  0.177527E+08
  0.551504E-02  0.177083E+08  0.177049E+08  0.000000E+00  0.000000E+00  0.000000E+00  0.177077E+08
  0.560773E-02  0.176626E+08  0.176591E+08  0.000000E+00  0.000000E+00  0.000000E+00  0.176621E+08
  0.570198E-02  0.176162E+08  0.176127E+08  0.000000E+00  0.000000E+00  0.000000E+00  0.176157E+08
  0.579781E-02  0.175691E+08  0.175654E+08  0.000000E+00  0.000000E+00  0.000000E+00  0.175686E+08
  0.589525E-02  0.175213E+08  0.175175E+08  0.000000E+00  0.000000E+00  0.000000E+00  0.175207E+08
  0.599432E-02  0.174728E+08  0.174688E+08  0.000000E+00  0.000000E+00  0.000000E+00  0.174722E+08
  0.609507E-02  0.174235E+08  0.174194E+08  0.000000E+00  0.000000E+00  0.000000E+00  0.174228E+08
  0.619750E-02  0.173735E+08  0.173693E+08  0.000000E+00  0.000000E+00  0.000000E+00  0.173728E+08
  0.630166E-02  0.173227E+08  0.173184E+08  0.000000E+00  0.000000E+00  0.000000E+00  0.173220E+08
  0.640757E-02  0.172711E+08  0.172667E+08  0.000000E+00  0.000000E+00  0.000000E+00  0.172704E+08
  0.651525E-02  0.172188E+08  0.172142E+08  0.000000E+00  0.000000E+00  0.000000E+00  0.172181E+08
  0.662475E-02  0.171658E+08  0.171610E+08  0.000000E+00  0.000000E+00  0.000000E+00  0.171650E+08
  0.673609E-02  0.171119E+08  0.171070E+08  0.000000E+00  0.000000E+00  0.000000E+00  0.171111E+08
  0.684930E-02  0.170573E+08  0.170522E+08  0.000000E+00  0.000000E+00  0.000000E+00  0.170565E+08
  0.696441E-02  0.170018E+08  0.169966E+08  0.000000E+00  0.000000E+00  0.000000E+00  0.170010E+08
  0.708146E-02  0.169456E+08  0.169402E+08  0.000000E+00  0.000000E+00  0.000000E+00  0.169447E+08
  0.720047E-02  0.168886E+08  0.168830E+08  0.000000E+00  0.000000E+00  0.000000E+00  0.168877E+08
  0.732148E-02  0.168307E+08  0.168250E+08  0.000000E+00  0.000000E+00  0.000000E+00  0.168298E+08
  0.744453E-02  0.167720E+08  0.167662E+08  0.000000E+00  0.000000E+00  0.000000E+00  0.167711E+08
  0.756965E-02  0.167126E+08  0.167065E+08  0.000000E+00  0.000000E+00  0.000000E+00  0.167116E+08
  0.769686E-02  0.166522E+08  0.166460E+08  0.000000E+00  0.000000E+00  0.000000E+00  0.166512E+08
  0.782622E-02  0.165911E+08  0.165846E+08  0.000000E+00  0.000000E+00  0.000000E+00  0.165901E+08
  0.795775E-02  0.165291E+08  0.165224E+08  0.000000E+00  0.000000E+00  0.000000E+00  0.165280E+08
  0.809149E-02  0.164662E+08  0.164594E+08  0.000000E+00  0.000000E+00  0.000000E+00  0.164651E+08
  0.822748E-02  0.164025E+08  0.163954E+08  0.000000E+00  0.000000E+00  0.000000E+00  0.164014E+08
  0.836575E-02  0.163379E+08  0.163306E+08  0.000000E+00  0.000000E+00  0.000000E+00  0.163368E+08
  0.850635E-02  0.162725E+08  0.162650E+08  0.000000E+00  0.000000E+00  0.000000E+00  0.162713E+08
  0.864931E-02  0.162061E+08  0.161984E+08  0.000000E+00  0.000000E+00  0.000000E+00  0.162049E+08
  0.879467E-02  0.161389E+08  0.161310E+08  0.000000E+00  0.000000E+00  0.000000E+00  0.161377E+08
  0.894248E-02  0.160708E+08  0.160626E+08  0.000000E+00  0.000000E+00  0.000000E+00  0.160695E+08
  0.909277E-02  0.160018E+08  0.159934E+08  0.000000E+00  0.000000E+00  0.000000E+00  0.160005E+08
  0.924559E-02  0.159319E+08  0.159232E+08  0.000000E+00  0.000000E+00  0.000000E+00  0.159305E+08
  0.940097E-02  0.158611E+08  0.158521E+08  0.000000E+00  0.000000E+00  0.000000E+00  0.158597E+08
  0.955897E-02  0.157894E+08  0.157801E+08  0.000000E+00  0.000000E+00  0.000000E+00  0.157879E+08
  0.971962E-02  0.157167E+08  0.157072E+08  0.000000E+00  0.000000E+00  0.000000E+00  0.157152E+08
  0.988297E-02  0.156431E+08  0.156333E+08  0.000000E+00  0.000000E+00  0.000000E+00  0.156416E+08
  0.100491E-01  0.155686E+08  0.155585E+08  0.000000E+00  0.000000E+00  0.000000E+00  0.155670E+08
  0.102180E-01  0.154932E+08  0.154827E+08  0.000000E+00  0.000000E+00  0.000000E+00  0.154915E+08
  0.103897E-01  0.154168E+08  0.154060E+08  0.000000E+00  0.000000E+00  0.000000E+00  0.154151E+08
  0.105643E-01  0.153394E+08  0.153283E+08  0.000000E+00  0.000000E+00  0.000000E+00  0.153376E+08
  0.107418E-01  0.152611E+08  0.152497E+08  0.000000E+00  0.000000E+00  0.000000E+00  0.152593E+08
  0.109224E-01  0.151818E+08  0.151701E+08  0.000000E+00  0.000000E+00  0.000000E+00  0.151799E+08
  0.111059E-01  0.151015E+08  0.150895E+08  0.000000E+00  0.000000E+00  0.000000E+00  0.150996E+08
  0.112926E-01  0.150203E+08  0.150079E+08  0.000000E+00  0.000000E+00  0.000000E+00  0.150183E+08
  0.114824E-01  0.149381E+08  0.149253E+08  0.000000E+00  0.000000E+00  0.000000E+00  0.149361E+08
  0.116753E-01  0.148549E+08  0.148418E+08  0.000000E+00  0.000000E+00  0.000000E+00  0.148528E+08
  0.118716E-01  0.147707E+08  0.147572E+08  0.000000E+00  0.000000E+00  0.000000E+00  0.147685E+08
  0.120711E-01  0.146855E+08  0.146716E+08  0.000000E+00  0.000000E+00  0.000000E+00  0.146833E+08
  0.122740E-01  0.145993E+08  0.145850E+08  0.000000E+00  0.000000E+00  0.000000E+00  0.145970E+08
  0.124802E-01  0.145121E+08  0.144974E+08  0.000000E+00  0.000000E+00  0.000000E+00  0.145097E+08
  0.126900E-01  0.144239E+08  0.144088E+08  0.000000E+00  0.000000E+00  0.000000E+00  0.144215E+08
  0.129033E-01  0.143346E+08  0.143191E+08  0.000000E+00  0.000000E+00  0.000000E+00  0.143322E+08
  0.131201E-01  0.142444E+08  0.142284E+08  0.000000E+00  0.000000E+00  0.000000E+00  0.142418E+08
  0.133406E-01  0.141531E+08  0.141367E+08  0.000000E+00  0.000000E+00  0.000000E+00  0.141505E+08
  0.135648E-01  0.140608E+08  0.140439E+08  0.000000E+00  0.000000E+00  0.000000E+00  0.140581E+08
  0.137928E-01  0.139674E+08  0.139501E+08  0.000000E+00  0.000000E+00  0.000000E+00  0.139647E+08
  0.140246E-01  0.138731E+08  0.138553E+08  0.000000E+00  0.000000E+00  0.000000E+00  0.138702E+08
  0.142603E-01  0.137776E+08  0.137594E+08  0.000000E+00  0.000000E+00  0.000000E+00  0.137748E+08
  0.145000E-01  0.136812E+08  0.136624E+08  0.000000E+00  0.000000E+00  0.000000E+00  0.136782E+08
  0.147437E-01  0.135837E+08  0.135645E+08  0.000000E+00  0.000000E+00  0.000000E+00  0.135807E+08
  0.149914E-01  0.134852E+08  0.134654E+08  0.000000E+00  0.000000E+00  0.000000E+00  0.134821E+08
  0.152434E-01  0.133856E+08  0.133653E+08  0.000000E+00  0.000000E+00  0.000000E+00  0.133824E+08
  0.154996E-01  0.132850E+08  0.132642E+08  0.000000E+00  0.000000E+00  0.000000E+00  0.132817E+08
  0.157601E-01  0.131834E+08  0.131620E+08  0.000000E+00  0.000000E+00  0.000000E+00  0.131800E+08
  0.160249E-01  0.130807E+08  0.130588E+08  0.000000E+00  0.000000E+00  0.000000E+00  0.130772E+08
  0.162943E-01  0.129770E+08  0.129545E+08  0.000000E+00  0.000000E+00  0.000000E+00  0.129734E+08
  0.165681E-01  0.128722E+08  0.128492E+08  0.000000E+00  0.000000E+00  0.000000E+00  0.128686E+08
  0.168466E-01  0.127665E+08  0.127428E+08  0.000000E+00  0.000000E+00  0.000000E+00  0.127627E+08
  0.171297E-01  0.126597E+08  0.126355E+08  0.000000E+00  0.000000E+00  0.000000E+00  0.126558E+08
  0.174176E-01  0.125518E+08  0.125270E+08  0.000000E+00  0.000000E+00  0.000000E+00  0.125479E+08
  0.177103E-01  0.124430E+08  0.124176E+08  0.000000E+00  0.000000E+00  0.000000E+00  0.124390E+08
  0.180079E-01  0.123332E+08  0.123072E+08  0.000000E+00  0.000000E+00  0.000000E+00  0.123291E+08
  0.183106E-01  0.122224E+08  0.121958E+08  0.000000E+00  0.000000E+00  0.000000E+00  0.122182E+08
  0.186183E-01  0.121106E+08  0.120834E+08  0.000000E+00  0.000000E+00  0.000000E+00  0.121063E+08
  0.189312E-01  0.119978E+08  0.119700E+08  0.000000E+00  0.000000E+00  0.000000E+00  0.119934E+08
  0.192494E-01  0.118841E+08  0.118556E+08  0.000000E+00  0.000000E+00  0.000000E+00  0.118796E+08
  0.195729E-01  0.117695E+08  0.117403E+08  0.000000E+00  0.000000E+00  0.000000E+00  0.117649E+08
  0.199019E-01  0.116539E+08  0.116241E+08  0.000000E+00  0.000000E+00  0.000000E+00  0.116492E+08
  0.202363E-01  0.115374E+08  0.115070E+08  0.000000E+00  0.000000E+00  0.000000E+00  0.115326E+08
  0.205764E-01  0.114201E+08  0.113890E+08  0.000000E+00  0.000000E+00  0.000000E+00  0.114152E+08
  0.209222E-01  0.113019E+08  0.112701E+08  0.000000E+00  0.000000E+00  0.000000E+00  0.112968E+08
  0.212739E-01  0.111828E+08  0.111504E+08  0.000000E+00  0.000000E+00  0.000000E+00  0.111777E+08
  0.216314E-01  0.110630E+08  0.110299E+08  0.000000E+00  0.000000E+00  0.000000E+00  0.110577E+08
  0.219950E-01  0.109423E+08  0.109086E+08  0.000000E+00  0.000000E+00  0.000000E+00  0.109370E+08
  0.223646E-01  0.108209E+08  0.107866E+08  0.000000E+00  0.000000E+00  0.000000E+00  0.108155E+08
  0.227405E-01  0.106988E+08  0.106638E+08  0.000000E+00  0.000000E+00  0.000000E+00  0.106933E+08
  0.231227E-01  0.105761E+08  0.105404E+08  0.000000E+00  0.000000E+00  0.000000E+00  0.105704E+08
  0.235113E-01  0.104526E+08  0.104163E+08  0.000000E+00  0.000000E+00  0.000000E+00  0.104469E+08
  0.239064E-01  0.103286E+08  0.102917E+08  0.000000E+00  0.000000E+00  0.000000E+00  0.103228E+08
  0.243082E-01  0.102040E+08  0.101664E+08  0.000000E+00  0.000000E+00  0.000000E+00  0.101981E+08
  0.247167E-01  0.100789E+08  0.100407E+08  0.000000E+00  0.000000E+00  0.000000E+00  0.100729E+08
  0.251321E-01  0.995337E+07  0.991457E+07  0.000000E+00  0.000000E+00  0.000000E+00  0.994722E+07
  0.255545E-01  0.982740E+07  0.978800E+07  0.000000E+00  0.000000E+00  0.000000E+00  0.982116E+07
  0.259840E-01  0.970108E+07  0.966110E+07  0.000000E+00  0.000000E+00  0.000000E+00  0.969474E+07
  0.264207E-01  0.957446E+07  0.953391E+07  0.000000E+00  0.000000E+00  0.000000E+00  0.956804E+07
  0.268647E-01  0.944760E+07  0.940650E+07  0.000000E+00  0.000000E+00  0.000000E+00  0.944109E+07
  0.273162E-01  0.932058E+07  0.927894E+07  0.000000E+00  0.000000E+00  0.000000E+00  0.931398E+07
  0.277753E-01  0.919345E+07  0.915130E+07  0.000000E+00  0.000000E+00  0.000000E+00  0.918677E+07
  0.282421E-01  0.906628E+07  0.902365E+07  0.000000E+00  0.000000E+00  0.000000E+00  0.905953E+07
  0.287167E-01  0.893916E+07  0.889606E+07  0.000000E+00  0.000000E+00  0.000000E+00  0.893233E+07
  0.291993E-01  0.881215E+07  0.876862E+07  0.000000E+00  0.000000E+00  0.000000E+00  0.880525E+07
  0.296901E-01  0.868534E+07  0.864140E+07  0.000000E+00  0.000000E+00  0.000000E+00  0.867837E+07
  0.301891E-01  0.855880E+07  0.851448E+07  0.000000E+00  0.000000E+00  0.000000E+00  0.855178E+07
  0.306964E-01  0.843262E+07  0.838796E+07  0.000000E+00  0.000000E+00  0.000000E+00  0.842554E+07
  0.312123E-01  0.830689E+07  0.826192E+07  0.000000E+00  0.000000E+00  0.000000E+00  0.829977E+07
  0.317369E-01  0.818170E+07  0.813646E+07  0.000000E+00  0.000000E+00  0.000000E+00  0.817453E+07
  0.322703E-01  0.805713E+07  0.801167E+07  0.000000E+00  0.000000E+00  0.000000E+00  0.804993E+07
  0.328126E-01  0.793329E+07  0.788764E+07  0.000000E+00  0.000000E+00  0.000000E+00  0.792606E+07
  0.333641E-01  0.781027E+07  0.776447E+07  0.000000E+00  0.000000E+00  0.000000E+00  0.780301E+07
  0.339248E-01  0.768816E+07  0.764226E+07  0.000000E+00  0.000000E+00  0.000000E+00  0.768088E+07
  0.344950E-01  0.756706E+07  0.752112E+07  0.000000E+00  0.000000E+00  0.000000E+00  0.755978E+07
  0.350747E-01  0.744706E+07  0.740112E+07  0.000000E+00  0.000000E+00  0.000000E+00  0.743978E+07
  0.356642E-01  0.732828E+07  0.728239E+07  0.000000E+00  0.000000E+00  0.000000E+00  0.732101E+07
  0.362635E-01  0.721079E+07  0.716502E+07  0.000000E+00  0.000000E+00  0.000000E+00  0.720354E+07
  0.368730E-01  0.709473E+07  0.704911E+07  0.000000E+00  0.000000E+00  0.000000E+00  0.708750E+07
  0.374927E-01  0.698023E+07  0.693483E+07  0.000000E+00  0.000000E+00  0.000000E+00  0.697303E+07
  0.381228E-01  0.686733E+07  0.682222E+07  0.000000E+00  0.000000E+00  0.000000E+00  0.686018E+07
  0.387635E-01  0.675612E+07  0.671134E+07  0.000000E+00  0.000000E+00  0.000000E+00  0.674902E+07
  0.394150E-01  0.664665E+07  0.660227E+07  0.000000E+00  0.000000E+00  0.000000E+00  0.663962E+07
  0.400774E-01  0.653900E+07  0.649508E+07  0.000000E+00  0.000000E+00  0.000000E+00  0.653204E+07
  0.407510E-01  0.643323E+07  0.638983E+07  0.000000E+00  0.000000E+00  0.000000E+00  0.642636E+07
  0.414358E-01  0.632941E+07  0.628658E+07  0.000000E+00  0.000000E+00  0.000000E+00  0.632262E+07
  0.421322E-01  0.622760E+07  0.618541E+07  0.000000E+00  0.000000E+00  0.000000E+00  0.622092E+07
  0.428403E-01  0.612788E+07  0.608639E+07  0.000000E+00  0.000000E+00  0.000000E+00  0.612131E+07
  0.435603E-01  0.603032E+07  0.598959E+07  0.000000E+00  0.000000E+00  0.000000E+00  0.602387E+07
  0.442924E-01  0.593497E+07  0.589505E+07  0.000000E+00  0.000000E+00  0.000000E+00  0.592864E+07
  0.450368E-01  0.584188E+07  0.580283E+07  0.000000E+00  0.000000E+00  0.000000E+00  0.583569E+07
  0.457937E-01  0.575108E+07  0.571296E+07  0.000000E+00  0.000000E+00  0.000000E+00  0.574504E+07
  0.465633E-01  0.566259E+07  0.562544E+07  0.000000E+00  0.000000E+00  0.000000E+00  0.565670E+07
  0.473459E-01  0.557639E+07  0.554026E+07  0.000000E+00  0.000000E+00  0.000000E+00  0.557067E+07
  0.481416E-01  0.549247E+07  0.545740E+07  0.000000E+00  0.000000E+00  0.000000E+00  0.548691E+07
  0.489507E-01  0.541076E+07  0.537680E+07  0.000000E+00  0.000000E+00  0.000000E+00  0.540538E+07
  0.497733E-01  0.533123E+07  0.529840E+07  0.000000E+00  0.000000E+00  0.000000E+00  0.532602E+07
  0.506099E-01  0.525379E+07  0.522213E+07  0.000000E+00  0.000000E+00  0.000000E+00  0.524878E+07
  0.514604E-01  0.517839E+07  0.514791E+07  0.000000E+00  0.000000E+00  0.000000E+00  0.517356E+07
  0.523253E-01  0.510492E+07  0.507565E+07  0.000000E+00  0.000000E+00  0.000000E+00  0.510028E+07
  0.532047E-01  0.503329E+07  0.500524E+07  0.000000E+00  0.000000E+00  0.000000E+00  0.502885E+07
  0.540989E-01  0.496339E+07  0.493656E+07  0.000000E+00  0.000000E+00  0.000000E+00  0.495914E+07
  0.550081E-01  0.489508E+07  0.486947E+07  0.000000E+00  0.000000E+00  0.000000E+00  0.489103E+07
  0.559325E-01  0.482822E+07  0.480382E+07  0.000000E+00  0.000000E+00  0.000000E+00  0.482435E+07
  0.568726E-01  0.476264E+07  0.473943E+07  0.000000E+00  0.000000E+00  0.000000E+00  0.475896E+07
  0.578284E-01  0.469818E+07  0.467613E+07  0.000000E+00  0.000000E+00  0.000000E+00  0.469469E+07
  0.591912E-01  0.460965E+07  0.458917E+07  0.000000E+00  0.000000E+00  0.000000E+00  0.460641E+07
  0.605541E-01  0.452450E+07  0.450546E+07  0.000000E+00  0.000000E+00  0.000000E+00  0.452148E+07
  0.619170E-01  0.444210E+07  0.442437E+07  0.000000E+00  0.000000E+00  0.000000E+00  0.443929E+07
  0.632798E-01  0.436186E+07  0.434531E+07  0.000000E+00  0.000000E+00  0.000000E+00  0.435924E+07
  0.646427E-01  0.428323E+07  0.426770E+07  0.000000E+00  0.000000E+00  0.000000E+00  0.428077E+07
  0.660055E-01  0.420572E+07  0.419106E+07  0.000000E+00  0.000000E+00  0.000000E+00  0.420339E+07
  0.673684E-01  0.412895E+07  0.411502E+07  0.000000E+00  0.000000E+00  0.000000E+00  0.412674E+07
  0.687312E-01  0.405267E+07  0.403931E+07  0.000000E+00  0.000000E+00  0.000000E+00  0.405056E+07
  0.700941E-01  0.397673E+07  0.396380E+07  0.000000E+00  0.000000E+00  0.000000E+00  0.397468E+07
  0.714570E-01  0.390100E+07  0.388837E+07  0.000000E+00  0.000000E+00  0.000000E+00  0.389900E+07
  0.728198E-01  0.382541E+07  0.381294E+07  0.000000E+00  0.000000E+00  0.000000E+00  0.382343E+07
  0.741827E-01  0.374987E+07  0.373745E+07  0.000000E+00  0.000000E+00  0.000000E+00  0.374790E+07
  0.755455E-01  0.367434E+07  0.366186E+07  0.000000E+00  0.000000E+00  0.000000E+00  0.367236E+07
  0.769084E-01  0.359890E+07  0.358628E+07  0.000000E+00  0.000000E+00  0.000000E+00  0.359690E+07
  0.782713E-01  0.352373E+07  0.351088E+07  0.000000E+00  0.000000E+00  0.000000E+00  0.352169E+07
  0.796341E-01  0.344903E+07  0.343590E+07  0.000000E+00  0.000000E+00  0.000000E+00  0.344695E+07
  0.809970E-01  0.337502E+07  0.336155E+07  0.000000E+00  0.000000E+00  0.000000E+00  0.337289E+07
  0.823598E-01  0.330190E+07  0.328807E+07  0.000000E+00  0.000000E+00  0.000000E+00  0.329971E+07
  0.837227E-01  0.322983E+07  0.321562E+07  0.000000E+00  0.000000E+00  0.000000E+00  0.322758E+07
  0.850855E-01  0.315899E+07  0.314438E+07  0.000000E+00  0.000000E+00  0.000000E+00  0.315668E+07
  0.864484E-01  0.308956E+07  0.307457E+07  0.000000E+00  0.000000E+00  0.000000E+00  0.308718E+07
  0.878113E-01  0.302174E+07  0.300640E+07  0.000000E+00  0.000000E+00  0.000000E+00  0.301931E+07
  0.891741E-01  0.295578E+07  0.294010E+07  0.000000E+00  0.000000E+00  0.000000E+00  0.295329E+07
  0.905370E-01  0.289186E+07  0.287591E+07  0.000000E+00  0.000000E+00  0.000000E+00  0.288933E+07
  0.918998E-01  0.283018E+07  0.281399E+07  0.000000E+00  0.000000E+00  0.000000E+00  0.282761E+07
  0.932627E-01  0.277087E+07  0.275451E+07  0.000000E+00  0.000000E+00  0.000000E+00  0.276828E+07
  0.946256E-01  0.271406E+07  0.269758E+07  0.000000E+00  0.000000E+00  0.000000E+00  0.271145E+07
  0.959884E-01  0.265985E+07  0.264332E+07  0.000000E+00  0.000000E+00  0.000000E+00  0.265723E+07
  0.973513E-01  0.260829E+07  0.259178E+07  0.000000E+00  0.000000E+00  0.000000E+00  0.260568E+07
  0.987141E-01  0.255942E+07  0.254300E+07  0.000000E+00  0.000000E+00  0.000000E+00  0.255682E+07
  0.100077E+00  0.251322E+07  0.249697E+07  0.000000E+00  0.000000E+00  0.000000E+00  0.251065E+07
  0.101440E+00  0.246964E+07  0.245361E+07  0.000000E+00  0.000000E+00  0.000000E+00  0.246710E+07
  0.102803E+00  0.242859E+07  0.241284E+07  0.000000E+00  0.000000E+00  0.000000E+00  0.242610E+07
  0.104166E+00  0.238997E+07  0.237457E+07  0.000000E+00  0.000000E+00  0.000000E+00  0.238753E+07
  0.105528E+00  0.235368E+07  0.233868E+07  0.000000E+00  0.000000E+00  0.000000E+00  0.235130E+07
  0.106891E+00  0.231960E+07  0.230504E+07  0.000000E+00  0.000000E+00  0.000000E+00  0.231730E+07
  0.108254E+00  0.228760E+07  0.227352E+07  0.000000E+00  0.000000E+00  0.000000E+00  0.228537E+07
  0.109617E+00  0.225753E+07  0.224396E+07  0.000000E+00  0.000000E+00  0.000000E+00  0.225538E+07
  0.110980E+00  0.222919E+07  0.221616E+07  0.000000E+00  0.000000E+00  0.000000E+00  0.222712E+07
  0.112343E+00  0.220239E+07  0.218991E+07  0.000000E+00  0.000000E+00  0.000000E+00  0.220041E+07
  0.113706E+00  0.217692E+07  0.216499E+07  0.000000E+00  0.000000E+00  0.000000E+00  0.217503E+07
  0.115068E+00  0.215257E+07  0.214121E+07  0.000000E+00  0.000000E+00  0.000000E+00  0.215077E+07
  0.116431E+00  0.212916E+07  0.211835E+07  0.000000E+00  0.000000E+00  0.000000E+00  0.212745E+07
  0.117794E+00  0.210650E+07  0.209622E+07  0.000000E+00  0.000000E+00  0.000000E+00  0.210487E+07
  0.119157E+00  0.208441E+07  0.207464E+07  0.000000E+00  0.000000E+00  0.000000E+00  0.208286E+07
  0.120520E+00  0.206272E+07  0.205343E+07  0.000000E+00  0.000000E+00  0.000000E+00  0.206125E+07
  0.121883E+00  0.204126E+07  0.203243E+07  0.000000E+00  0.000000E+00  0.000000E+00  0.203986E+07
  0.123246E+00  0.201991E+07  0.201149E+07  0.000000E+00  0.000000E+00  0.000000E+00  0.201857E+07
  0.124608E+00  0.199852E+07  0.199048E+07  0.000000E+00  0.000000E+00  0.000000E+00  0.199725E+07
  0.125971E+00  0.197701E+07  0.196929E+07  0.000000E+00  0.000000E+00  0.000000E+00  0.197579E+07
  0.127334E+00  0.195528E+07  0.194784E+07  0.000000E+00  0.000000E+00  0.000000E+00  0.195410E+07
  0.128697E+00  0.193327E+07  0.192607E+07  0.000000E+00  0.000000E+00  0.000000E+00  0.193213E+07
  0.130060E+00  0.191093E+07  0.190392E+07  0.000000E+00  0.000000E+00  0.000000E+00  0.190982E+07
  0.131423E+00  0.188823E+07  0.188136E+07  0.000000E+00  0.000000E+00  0.000000E+00  0.188714E+07
  0.132786E+00  0.186514E+07  0.185837E+07  0.000000E+00  0.000000E+00  0.000000E+00  0.186407E+07
  0.134148E+00  0.184166E+07  0.183495E+07  0.000000E+00  0.000000E+00  0.000000E+00  0.184060E+07
  0.135511E+00  0.181781E+07  0.181111E+07  0.000000E+00  0.000000E+00  0.000000E+00  0.181675E+07
  0.136874E+00  0.179362E+07  0.178690E+07  0.000000E+00  0.000000E+00  0.000000E+00  0.179256E+07
  0.138237E+00  0.176915E+07  0.176239E+07  0.000000E+00  0.000000E+00  0.000000E+00  0.176808E+07
  0.139600E+00  0.174448E+07  0.173764E+07  0.000000E+00  0.000000E+00  0.000000E+00  0.174340E+07
  0.140963E+00  0.171968E+07  0.171274E+07  0.000000E+00  0.000000E+00  0.000000E+00  0.171858E+07
  0.142326E+00  0.169484E+07  0.168778E+07  0.000000E+00  0.000000E+00  0.000000E+00  0.169372E+07
  0.143688E+00  0.167004E+07  0.166285E+07  0.000000E+00  0.000000E+00  0.000000E+00  0.166890E+07
  0.145051E+00  0.164536E+07  0.163803E+07  0.000000E+00  0.000000E+00  0.000000E+00  0.164420E+07
  0.146414E+00  0.162089E+07  0.161342E+07  0.000000E+00  0.000000E+00  0.000000E+00  0.161971E+07
  0.147777E+00  0.159671E+07  0.158910E+07  0.000000E+00  0.000000E+00  0.000000E+00  0.159550E+07
  0.149140E+00  0.157290E+07  0.156515E+07  0.000000E+00  0.000000E+00  0.000000E+00  0.157167E+07
  0.150503E+00  0.154955E+07  0.154168E+07  0.000000E+00  0.000000E+00  0.000000E+00  0.154831E+07
  0.151866E+00  0.152674E+07  0.151875E+07  0.000000E+00  0.000000E+00  0.000000E+00  0.152548E+07
  0.153228E+00  0.150454E+07  0.149645E+07  0.000000E+00  0.000000E+00  0.000000E+00  0.150326E+07
  0.154591E+00  0.148302E+07  0.147485E+07  0.000000E+00  0.000000E+00  0.000000E+00  0.148172E+07
  0.155954E+00  0.146222E+07  0.145400E+07  0.000000E+00  0.000000E+00  0.000000E+00  0.146092E+07
  0.157317E+00  0.144221E+07  0.143394E+07  0.000000E+00  0.000000E+00  0.000000E+00  0.144090E+07
  0.158680E+00  0.142299E+07  0.141472E+07  0.000000E+00  0.000000E+00  0.000000E+00  0.142168E+07
  0.160043E+00  0.140461E+07  0.139635E+07  0.000000E+00  0.000000E+00  0.000000E+00  0.140330E+07
  0.161406E+00  0.138706E+07  0.137884E+07  0.000000E+00  0.000000E+00  0.000000E+00  0.138576E+07
  0.162768E+00  0.137035E+07  0.136218E+07  0.000000E+00  0.000000E+00  0.000000E+00  0.136905E+07
  0.164131E+00  0.135445E+07  0.134637E+07  0.000000E+00  0.000000E+00  0.000000E+00  0.135317E+07
  0.165494E+00  0.133935E+07  0.133138E+07  0.000000E+00  0.000000E+00  0.000000E+00  0.133809E+07
  0.166857E+00  0.132502E+07  0.131718E+07  0.000000E+00  0.000000E+00  0.000000E+00  0.132378E+07
  0.168220E+00  0.131143E+07  0.130374E+07  0.000000E+00  0.000000E+00  0.000000E+00  0.131021E+07
  0.169583E+00  0.129853E+07  0.129100E+07  0.000000E+00  0.000000E+00  0.000000E+00  0.129734E+07
  0.170946E+00  0.128628E+07  0.127892E+07  0.000000E+00  0.000000E+00  0.000000E+00  0.128511E+07
  0.172308E+00  0.127461E+07  0.126745E+07  0.000000E+00  0.000000E+00  0.000000E+00  0.127348E+07
  0.173671E+00  0.126348E+07  0.125651E+07  0.000000E+00  0.000000E+00  0.000000E+00  0.126237E+07
  0.175034E+00  0.125281E+07  0.124605E+07  0.000000E+00  0.000000E+00  0.000000E+00  0.125173E+07
  0.176397E+00  0.124253E+07  0.123598E+07  0.000000E+00  0.000000E+00  0.000000E+00  0.124149E+07
  0.177760E+00  0.123259E+07  0.122625E+07  0.000000E+00  0.000000E+00  0.000000E+00  0.123158E+07
  0.179123E+00  0.122291E+07  0.121678E+07  0.000000E+00  0.000000E+00  0.000000E+00  0.122194E+07
  0.180486E+00  0.121344E+07  0.120751E+07  0.000000E+00  0.000000E+00  0.000000E+00  0.121250E+07
  0.181848E+00  0.120412E+07  0.119837E+07  0.000000E+00  0.000000E+00  0.000000E+00  0.120321E+07
  0.183211E+00  0.119487E+07  0.118931E+07  0.000000E+00  0.000000E+00  0.000000E+00  0.119399E+07
  0.184574E+00  0.118566E+07  0.118027E+07  0.000000E+00  0.000000E+00  0.000000E+00  0.118480E+07
  0.185937E+00  0.117643E+07  0.117120E+07  0.000000E+00  0.000000E+00  0.000000E+00  0.117560E+07
  0.187300E+00  0.116714E+07  0.116206E+07  0.000000E+00  0.000000E+00  0.000000E+00  0.116634E+07
  0.188663E+00  0.115778E+07  0.115283E+07  0.000000E+00  0.000000E+00  0.000000E+00  0.115699E+07
  0.190026E+00  0.114830E+07  0.114346E+07  0.000000E+00  0.000000E+00  0.000000E+00  0.114753E+07
  0.191388E+00  0.113868E+07  0.113395E+07  0.000000E+00  0.000000E+00  0.000000E+00  0.113794E+07
  0.192751E+00  0.112892E+07  0.112427E+07  0.000000E+00  0.000000E+00  0.000000E+00  0.112818E+07
  0.194114E+00  0.111899E+07  0.111441E+07  0.000000E+00  0.000000E+00  0.000000E+00  0.111826E+07
  0.195477E+00  0.110889E+07  0.110435E+07  0.000000E+00  0.000000E+00  0.000000E+00  0.110817E+07
  0.196840E+00  0.109861E+07  0.109411E+07  0.000000E+00  0.000000E+00  0.000000E+00  0.109790E+07
  0.198203E+00  0.108818E+07  0.108370E+07  0.000000E+00  0.000000E+00  0.000000E+00  0.108747E+07
  0.199566E+00  0.107760E+07  0.107314E+07  0.000000E+00  0.000000E+00  0.000000E+00  0.107690E+07
  0.200929E+00  0.106691E+07  0.106244E+07  0.000000E+00  0.000000E+00  0.000000E+00  0.106620E+07
  0.202291E+00  0.105612E+07  0.105164E+07  0.000000E+00  0.000000E+00  0.000000E+00  0.105541E+07
  0.203654E+00  0.104526E+07  0.104076E+07  0.000000E+00  0.000000E+00  0.000000E+00  0.104455E+07
  0.205017E+00  0.103436E+07  0.102983E+07  0.000000E+00  0.000000E+00  0.000000E+00  0.103365E+07
  0.206380E+00  0.102345E+07  0.101888E+07  0.000000E+00  0.000000E+00  0.000000E+00  0.102273E+07
  0.207743E+00  0.101256E+07  0.100795E+07  0.000000E+00  0.000000E+00  0.000000E+00  0.101183E+07
  0.209106E+00  0.100172E+07  0.997070E+06  0.000000E+00  0.000000E+00  0.000000E+00  0.100098E+07
  0.210469E+00  0.990967E+06  0.986274E+06  0.000000E+00  0.000000E+00  0.000000E+00  0.990224E+06
  0.211831E+00  0.980329E+06  0.975596E+06  0.000000E+00  0.000000E+00  0.000000E+00  0.979579E+06
  0.213194E+00  0.969838E+06  0.965066E+06  0.000000E+00  0.000000E+00  0.000000E+00  0.969082E+06
  0.214557E+00  0.959523E+06  0.954717E+06  0.000000E+00  0.000000E+00  0.000000E+00  0.958762E+06
  0.215920E+00  0.949414E+06  0.944578E+06  0.000000E+00  0.000000E+00  0.000000E+00  0.948648E+06
  0.220195E+00  0.919297E+06  0.914410E+06  0.000000E+00  0.000000E+00  0.000000E+00  0.918522E+06
  0.224556E+00  0.891454E+06  0.886597E+06  0.000000E+00  0.000000E+00  0.000000E+00  0.890684E+06
  0.229002E+00  0.866211E+06  0.861474E+06  0.000000E+00  0.000000E+00  0.000000E+00  0.865461E+06
  0.233537E+00  0.843532E+06  0.838996E+06  0.000000E+00  0.000000E+00  0.000000E+00  0.842813E+06
  0.238161E+00  0.823032E+06  0.818757E+06  0.000000E+00  0.000000E+00  0.000000E+00  0.822355E+06
  0.242877E+00  0.804017E+06  0.800026E+06  0.000000E+00  0.000000E+00  0.000000E+00  0.803384E+06
  0.247686E+00  0.785622E+06  0.781904E+06  0.000000E+00  0.000000E+00  0.000000E+00  0.785033E+06
  0.252591E+00  0.767076E+06  0.763584E+06  0.000000E+00  0.000000E+00  0.000000E+00  0.766523E+06
  0.257592E+00  0.747767E+06  0.744434E+06  0.000000E+00  0.000000E+00  0.000000E+00  0.747239E+06
  0.262693E+00  0.727404E+06  0.724156E+06  0.000000E+00  0.000000E+00  0.000000E+00  0.726889E+06
  0.267895E+00  0.706116E+06  0.702891E+06  0.000000E+00  0.000000E+00  0.000000E+00  0.705605E+06
  0.273199E+00  0.684352E+06  0.681112E+06  0.000000E+00  0.000000E+00  0.000000E+00  0.683838E+06
  0.278609E+00  0.662751E+06  0.659491E+06  0.000000E+00  0.000000E+00  0.000000E+00  0.662234E+06
  0.284126E+00  0.642018E+06  0.638762E+06  0.000000E+00  0.000000E+00  0.000000E+00  0.641502E+06
  0.289752E+00  0.622678E+06  0.619468E+06  0.000000E+00  0.000000E+00  0.000000E+00  0.622169E+06
  0.295489E+00  0.604947E+06  0.601833E+06  0.000000E+00  0.000000E+00  0.000000E+00  0.604453E+06
  0.301341E+00  0.588723E+06  0.585747E+06  0.000000E+00  0.000000E+00  0.000000E+00  0.588252E+06
  0.307308E+00  0.573568E+06  0.570747E+06  0.000000E+00  0.000000E+00  0.000000E+00  0.573121E+06
  0.313393E+00  0.558912E+06  0.556241E+06  0.000000E+00  0.000000E+00  0.000000E+00  0.558489E+06
  0.319598E+00  0.544223E+06  0.541673E+06  0.000000E+00  0.000000E+00  0.000000E+00  0.543819E+06
  0.325927E+00  0.529157E+06  0.526690E+06  0.000000E+00  0.000000E+00  0.000000E+00  0.528766E+06
  0.332380E+00  0.513698E+06  0.511277E+06  0.000000E+00  0.000000E+00  0.000000E+00  0.513315E+06
  0.338962E+00  0.498090E+06  0.495694E+06  0.000000E+00  0.000000E+00  0.000000E+00  0.497710E+06
  0.345674E+00  0.482756E+06  0.480384E+06  0.000000E+00  0.000000E+00  0.000000E+00  0.482380E+06
  0.352519E+00  0.468109E+06  0.465777E+06  0.000000E+00  0.000000E+00  0.000000E+00  0.467740E+06
  0.359499E+00  0.454379E+06  0.452111E+06  0.000000E+00  0.000000E+00  0.000000E+00  0.454020E+06
  0.366618E+00  0.441558E+06  0.439374E+06  0.000000E+00  0.000000E+00  0.000000E+00  0.441212E+06
  0.373877E+00  0.429393E+06  0.427302E+06  0.000000E+00  0.000000E+00  0.000000E+00  0.429062E+06
  0.381280E+00  0.417552E+06  0.415548E+06  0.000000E+00  0.000000E+00  0.000000E+00  0.417235E+06
  0.388830E+00  0.405743E+06  0.403807E+06  0.000000E+00  0.000000E+00  0.000000E+00  0.405436E+06
  0.396530E+00  0.393870E+06  0.391985E+06  0.000000E+00  0.000000E+00  0.000000E+00  0.393571E+06
  0.404381E+00  0.382024E+06  0.380177E+06  0.000000E+00  0.000000E+00  0.000000E+00  0.381731E+06
  0.412389E+00  0.370437E+06  0.368628E+06  0.000000E+00  0.000000E+00  0.000000E+00  0.370150E+06
  0.420555E+00  0.359316E+06  0.357551E+06  0.000000E+00  0.000000E+00  0.000000E+00  0.359037E+06
  0.428882E+00  0.348758E+06  0.347047E+06  0.000000E+00  0.000000E+00  0.000000E+00  0.348487E+06
  0.437375E+00  0.338687E+06  0.337038E+06  0.000000E+00  0.000000E+00  0.000000E+00  0.338426E+06
  0.446035E+00  0.328939E+06  0.327348E+06  0.000000E+00  0.000000E+00  0.000000E+00  0.328687E+06
  0.454867E+00  0.319349E+06  0.317810E+06  0.000000E+00  0.000000E+00  0.000000E+00  0.319105E+06
  0.463874E+00  0.309856E+06  0.308360E+06  0.000000E+00  0.000000E+00  0.000000E+00  0.309619E+06
  0.473060E+00  0.300519E+06  0.299061E+06  0.000000E+00  0.000000E+00  0.000000E+00  0.300288E+06
  0.482427E+00  0.291446E+06  0.290025E+06  0.000000E+00  0.000000E+00  0.000000E+00  0.291220E+06
  0.491980E+00  0.282720E+06  0.281341E+06  0.000000E+00  0.000000E+00  0.000000E+00  0.282501E+06
  0.501721E+00  0.274336E+06  0.273002E+06  0.000000E+00  0.000000E+00  0.000000E+00  0.274125E+06
  0.511656E+00  0.266220E+06  0.264930E+06  0.000000E+00  0.000000E+00  0.000000E+00  0.266016E+06
  0.521788E+00  0.258292E+06  0.257042E+06  0.000000E+00  0.000000E+00  0.000000E+00  0.258094E+06
  0.532120E+00  0.250520E+06  0.249307E+06  0.000000E+00  0.000000E+00  0.000000E+00  0.250328E+06
  0.542656E+00  0.242932E+06  0.241753E+06  0.000000E+00  0.000000E+00  0.000000E+00  0.242745E+06
  0.553402E+00  0.235577E+06  0.234432E+06  0.000000E+00  0.000000E+00  0.000000E+00  0.235396E+06
  0.564360E+00  0.228473E+06  0.227363E+06  0.000000E+00  0.000000E+00  0.000000E+00  0.228297E+06
  0.575535E+00  0.221595E+06  0.220520E+06  0.000000E+00  0.000000E+00  0.000000E+00  0.221424E+06
  0.586931E+00  0.214904E+06  0.213863E+06  0.000000E+00  0.000000E+00  0.000000E+00  0.214739E+06
  0.598553E+00  0.208380E+06  0.207370E+06  0.000000E+00  0.000000E+00  0.000000E+00  0.208220E+06
  0.610405E+00  0.202029E+06  0.201048E+06  0.000000E+00  0.000000E+00  0.000000E+00  0.201873E+06
  0.622492E+00  0.195868E+06  0.194917E+06  0.000000E+00  0.000000E+00  0.000000E+00  0.195717E+06
  0.634818E+00  0.189899E+06  0.188978E+06  0.000000E+00  0.000000E+00  0.000000E+00  0.189753E+06
  0.647389E+00  0.184109E+06  0.183217E+06  0.000000E+00  0.000000E+00  0.000000E+00  0.183968E+06
  0.723469E+00  0.154287E+06  0.153539E+06  0.000000E+00  0.000000E+00  0.000000E+00  0.154168E+06
  0.808491E+00  0.129096E+06  0.128470E+06  0.000000E+00  0.000000E+00  0.000000E+00  0.128997E+06
  0.903504E+00  0.107860E+06  0.107337E+06  0.000000E+00  0.000000E+00  0.000000E+00  0.107777E+06
  0.100968E+01  0.899934E+05  0.895572E+05  0.000000E+00  0.000000E+00  0.000000E+00  0.899243E+05
  0.112834E+01  0.749864E+05  0.746230E+05  0.000000E+00  0.000000E+00  0.000000E+00  0.749288E+05
  0.126094E+01  0.624046E+05  0.621022E+05  0.000000E+00  0.000000E+00  0.000000E+00  0.623566E+05
  0.140913E+01  0.518717E+05  0.516203E+05  0.000000E+00  0.000000E+00  0.000000E+00  0.518318E+05
  0.157472E+01  0.430681E+05  0.428594E+05  0.000000E+00  0.000000E+00  0.000000E+00  0.430351E+05
  0.175979E+01  0.357202E+05  0.355472E+05  0.000000E+00  0.000000E+00  0.000000E+00  0.356928E+05
  0.196659E+01  0.295957E+05  0.294523E+05  0.000000E+00  0.000000E+00  0.000000E+00  0.295730E+05
  0.219771E+01  0.244975E+05  0.243788E+05  0.000000E+00  0.000000E+00  0.000000E+00  0.244786E+05
  0.245598E+01  0.202586E+05  0.201604E+05  0.000000E+00  0.000000E+00  0.000000E+00  0.202430E+05
  0.274460E+01  0.167384E+05  0.166573E+05  0.000000E+00  0.000000E+00  0.000000E+00  0.167256E+05
  0.306715E+01  0.138182E+05  0.137513E+05  0.000000E+00  0.000000E+00  0.000000E+00  0.138076E+05
  0.342759E+01  0.113983E+05  0.113431E+05  0.000000E+00  0.000000E+00  0.000000E+00  0.113896E+05
  0.383040E+01  0.939498E+04  0.934943E+04  0.000000E+00  0.000000E+00  0.000000E+00  0.938776E+04
  0.428055E+01  0.773803E+04  0.770050E+04  0.000000E+00  0.000000E+00  0.000000E+00  0.773209E+04
  0.478359E+01  0.636884E+04  0.633794E+04  0.000000E+00  0.000000E+00  0.000000E+00  0.636395E+04
  0.534575E+01  0.523838E+04  0.521295E+04  0.000000E+00  0.000000E+00  0.000000E+00  0.523436E+04
  0.597398E+01  0.430581E+04  0.428489E+04  0.000000E+00  0.000000E+00  0.000000E+00  0.430249E+04
  0.667604E+01  0.353706E+04  0.351986E+04  0.000000E+00  0.000000E+00  0.000000E+00  0.353434E+04
  0.746060E+01  0.290385E+04  0.288971E+04  0.000000E+00  0.000000E+00  0.000000E+00  0.290161E+04
  0.833737E+01  0.238264E+04  0.237102E+04  0.000000E+00  0.000000E+00  0.000000E+00  0.238080E+04
  0.931716E+01  0.195391E+04  0.194436E+04  0.000000E+00  0.000000E+00  0.000000E+00  0.195240E+04
  0.104121E+02  0.160148E+04  0.159364E+04  0.000000E+00  0.000000E+00  0.000000E+00  0.160024E+04
