  0.738662E-04  0.199998E+08  0.199998E+08  0.259528E+08  0.259518E+08  0.000000E+00  0.199998E+08
  0.872626E-04  0.199992E+08  0.199992E+08  0.256747E+08  0.256732E+08  0.000000E+00  0.199992E+08
  0.103089E-03  0.199984E+08  0.199984E+08  0.252910E+08  0.252891E+08  0.000000E+00  0.199984E+08
  0.121785E-03  0.199974E+08  0.199974E+08  0.247644E+08  0.247617E+08  0.000000E+00  0.199974E+08
  0.143872E-03  0.199959E+08  0.199959E+08  0.240461E+08  0.240425E+08  0.000000E+00  0.199959E+08
  0.169964E-03  0.199938E+08  0.199938E+08  0.230755E+08  0.230708E+08  0.000000E+00  0.199938E+08
  0.200789E-03  0.199910E+08  0.199910E+08  0.217809E+08  0.217748E+08  0.000000E+00  0.199910E+08
  0.237204E-03  0.199870E+08  0.199870E+08  0.200855E+08  0.200778E+08  0.000000E+00  0.199870E+08
  0.280224E-03  0.199815E+08  0.199815E+08  0.179222E+08  0.179131E+08  0.000000E+00  0.199815E+08
  0.331045E-03  0.199740E+08  0.199740E+08  0.152628E+08  0.152527E+08  0.000000E+00  0.199740E+08
  0.391084E-03  0.199637E+08  0.199637E+08  0.121647E+08  0.121549E+08  0.000000E+00  0.199637E+08
  0.462011E-03  0.199497E+08  0.199497E+08  0.882951E+07  0.882185E+07  0.000000E+00  0.199497E+08
  0.545801E-03  0.199309E+08  0.199309E+08  0.564149E+07  0.563812E+07  0.000000E+00  0.199309E+08
  0.644788E-03  0.199059E+08  0.199058E+08  0.311135E+07  0.311315E+07  0.000000E+00  0.199059E+08
  0.761727E-03  0.198729E+08  0.198729E+08  0.163693E+07  0.164149E+07  0.000000E+00  0.198729E+08
  0.899874E-03  0.198300E+08  0.198300E+08  0.112783E+07  0.112977E+07  0.000000E+00  0.198300E+08
  0.106308E-02  0.197749E+08  0.197748E+08  0.918870E+06  0.916155E+06  0.000000E+00  0.197749E+08
  0.125588E-02  0.197047E+08  0.197045E+08  0.497118E+06  0.496105E+06  0.000000E+00  0.197047E+08
  0.148364E-02  0.196160E+08  0.196157E+08  0.207800E+06  0.210076E+06  0.000000E+00  0.196160E+08
  0.175272E-02  0.195049E+08  0.195045E+08  0.185112E+06  0.183342E+06  0.000000E+00  0.195048E+08
  0.207059E-02  0.193667E+08  0.193662E+08  0.520037E+05  0.533447E+05  0.000000E+00  0.193666E+08
  0.244611E-02  0.191964E+08  0.191957E+08  0.515706E+05  0.495183E+05  0.000000E+00  0.191963E+08
  0.288974E-02  0.189883E+08  0.189874E+08  0.149432E+05  0.118358E+05  0.000000E+00  0.189882E+08
  0.341382E-02  0.187363E+08  0.187350E+08  0.000000E+00  0.000000E+00  0.000000E+00  0.187361E+08
  0.403296E-02  0.184338E+08  0.184320E+08  0.000000E+00  0.000000E+00  0.000000E+00  0.184336E+08
  0.476437E-02  0.180742E+08  0.180717E+08  0.000000E+00  0.000000E+00  0.000000E+00  0.180738E+08
  0.484445E-02  0.180348E+08  0.180322E+08  0.000000E+00  0.000000E+00  0.000000E+00  0.180344E+08
  0.492586E-02  0.179948E+08  0.179921E+08  0.000000E+00  0.000000E+00  0.000000E+00  0.179944E+08
  0.500865E-02  0.179542E+08  0.179514E+08  0.000000E+00  0.000000E+00  0.000000E+00  0.179537E+08
  0.509283E-02  0.179128E+08  0.179100E+08  0.000000E+00  0.000000E+00  0.000000E+00  0.179124E+08
  0.517842E-02  0.178708E+08  0.178679E+08  0.000000E+00  0.000000E+00  0.000000E+00  0.178704E+08
  0.526545E-02  0.178282E+08  0.178251E+08  0.000000E+00  0.000000E+00  0.000000E+00  0.178277E+08
  0.535394E-02  0.177848E+08  0.177817E+08  0.000000E+00  0.000000E+00  0.000000E+00  0.177843E+08
  0.544392E-02  0.177408E+08  0.177375E+08  0.000000E+00  0.000000E+00  0.000000E+00  0.177402E+08
  0.553541E-02  0.176960E+08  0.176927E+08  0.000000E+00  0.000000E+00  0.000000E+00  0.176955E+08
  0.562844E-02  0.176506E+08  0.176471E+08  0.000000E+00  0.000000E+00  0.000000E+00  0.176500E+08
  0.572304E-02  0.176044E+08  0.176009E+08  0.000000E+00  0.000000E+00  0.000000E+00  0.176039E+08
  0.581922E-02  0.175576E+08  0.175539E+08  0.000000E+00  0.000000E+00  0.000000E+00  0.175570E+08
  0.591702E-02  0.175100E+08  0.175062E+08  0.000000E+00  0.000000E+00  0.000000E+00  0.175094E+08
  0.601646E-02  0.174617E+08  0.174578E+08  0.000000E+00  0.000000E+00  0.000000E+00  0.174611E+08
  0.611758E-02  0.174126E+08  0.174086E+08  0.000000E+00  0.000000E+00  0.000000E+00  0.174120E+08
  0.622039E-02  0.173628E+08  0.173587E+08  0.000000E+00  0.000000E+00  0.000000E+00  0.173622E+08
  0.632493E-02  0.173123E+08  0.173080E+08  0.000000E+00  0.000000E+00  0.000000E+00  0.173116E+08
  0.643123E-02  0.172610E+08  0.172566E+08  0.000000E+00  0.000000E+00  0.000000E+00  0.172603E+08
  0.653932E-02  0.172090E+08  0.172044E+08  0.000000E+00  0.000000E+00  0.000000E+00  0.172082E+08
  0.664922E-02  0.171561E+08  0.171514E+08  0.000000E+00  0.000000E+00  0.000000E+00  0.171554E+08
  0.676097E-02  0.171025E+08  0.170977E+08  0.000000E+00  0.000000E+00  0.000000E+00  0.171018E+08
  0.687460E-02  0.170481E+08  0.170431E+08  0.000000E+00  0.000000E+00  0.000000E+00  0.170473E+08
  0.699013E-02  0.169930E+08  0.169878E+08  0.000000E+00  0.000000E+00  0.000000E+00  0.169921E+08
  0.710761E-02  0.169370E+08  0.169316E+08  0.000000E+00  0.000000E+00  0.000000E+00  0.169361E+08
  0.722706E-02  0.168802E+08  0.168747E+08  0.000000E+00  0.000000E+00  0.000000E+00  0.168793E+08
  0.734852E-02  0.168226E+08  0.168169E+08  0.000000E+00  0.000000E+00  0.000000E+00  0.168217E+08
  0.747203E-02  0.167642E+08  0.167584E+08  0.000000E+00  0.000000E+00  0.000000E+00  0.167633E+08
  0.759760E-02  0.167050E+08  0.166990E+08  0.000000E+00  0.000000E+00  0.000000E+00  0.167041E+08
  0.772529E-02  0.166450E+08  0.166387E+08  0.000000E+00  0.000000E+00  0.000000E+00  0.166440E+08
  0.785512E-02  0.165841E+08  0.165776E+08  0.000000E+00  0.000000E+00  0.000000E+00  0.165830E+08
  0.798714E-02  0.165223E+08  0.165157E+08  0.000000E+00  0.000000E+00  0.000000E+00  0.165213E+08
  0.812137E-02  0.164597E+08  0.164529E+08  0.000000E+00  0.000000E+00  0.000000E+00  0.164587E+08
  0.825786E-02  0.163963E+08  0.163893E+08  0.000000E+00  0.000000E+00  0.000000E+00  0.163952E+08
  0.839665E-02  0.163320E+08  0.163248E+08  0.000000E+00  0.000000E+00  0.000000E+00  0.163309E+08
  0.853777E-02  0.162668E+08  0.162594E+08  0.000000E+00  0.000000E+00  0.000000E+00  0.162657E+08
  0.868126E-02  0.162008E+08  0.161931E+08  0.000000E+00  0.000000E+00  0.000000E+00  0.161996E+08
  0.882716E-02  0.161339E+08  0.161259E+08  0.000000E+00  0.000000E+00  0.000000E+00  0.161326E+08
  0.897551E-02  0.160660E+08  0.160579E+08  0.000000E+00  0.000000E+00  0.000000E+00  0.160648E+08
  0.912635E-02  0.159973E+08  0.159889E+08  0.000000E+00  0.000000E+00  0.000000E+00  0.159960E+08
  0.927973E-02  0.159277E+08  0.159190E+08  0.000000E+00  0.000000E+00  0.000000E+00  0.159264E+08
  0.943569E-02  0.158572E+08  0.158483E+08  0.000000E+00  0.000000E+00  0.000000E+00  0.158558E+08
  0.959427E-02  0.157858E+08  0.157766E+08  0.000000E+00  0.000000E+00  0.000000E+00  0.157843E+08
  0.975552E-02  0.157134E+08  0.157039E+08  0.000000E+00  0.000000E+00  0.000000E+00  0.157119E+08
  0.991947E-02  0.156401E+08  0.156303E+08  0.000000E+00  0.000000E+00  0.000000E+00  0.156386E+08
  0.100862E-01  0.155659E+08  0.155558E+08  0.000000E+00  0.000000E+00  0.000000E+00  0.155643E+08
  0.102557E-01  0.154907E+08  0.154804E+08  0.000000E+00  0.000000E+00  0.000000E+00  0.154891E+08
  0.104281E-01  0.154146E+08  0.154040E+08  0.000000E+00  0.000000E+00  0.000000E+00  0.154130E+08
  0.106033E-01  0.153376E+08  0.153266E+08  0.000000E+00  0.000000E+00  0.000000E+00  0.153358E+08
  0.107815E-01  0.152596E+08  0.152483E+08  0.000000E+00  0.000000E+00  0.000000E+00  0.152578E+08
  0.109627E-01  0.151806E+08  0.151689E+08  0.000000E+00  0.000000E+00  0.000000E+00  0.151788E+08
  0.111470E-01  0.151006E+08  0.150887E+08  0.000000E+00  0.000000E+00  0.000000E+00  0.150988E+08
  0.113343E-01  0.150197E+08  0.150074E+08  0.000000E+00  0.000000E+00  0.000000E+00  0.150178E+08
  0.115248E-01  0.149378E+08  0.149251E+08  0.000000E+00  0.000000E+00  0.000000E+00  0.149358E+08
  0.117185E-01  0.148549E+08  0.148419E+08  0.000000E+00  0.000000E+00  0.000000E+00  0.148529E+08
  0.119154E-01  0.147710E+08  0.147576E+08  0.000000E+00  0.000000E+00  0.000000E+00  0.147689E+08
  0.121157E-01  0.146862E+08  0.146724E+08  0.000000E+00  0.000000E+00  0.000000E+00  0.146840E+08
  0.123193E-01  0.146003E+08  0.145861E+08  0.000000E+00  0.000000E+00  0.000000E+00  0.145980E+08
  0.125263E-01  0.145134E+08  0.144988E+08  0.000000E+00  0.000000E+00  0.000000E+00  0.145111E+08
  0.127369E-01  0.144255E+08  0.144105E+08  0.000000E+00  0.000000E+00  0.000000E+00  0.144231E+08
  0.129509E-01  0.143366E+08  0.143211E+08  0.000000E+00  0.000000E+00  0.000000E+00  0.143341E+08
  0.131686E-01  0.142466E+08  0.142308E+08  0.000000E+00  0.000000E+00  0.000000E+00  0.142441E+08
  0.133899E-01  0.141557E+08  0.141394E+08  0.000000E+00  0.000000E+00  0.000000E+00  0.141531E+08
  0.136149E-01  0.140637E+08  0.140469E+08  0.000000E+00  0.000000E+00  0.000000E+00  0.140611E+08
  0.138437E-01  0.139707E+08  0.139535E+08  0.000000E+00  0.000000E+00  0.000000E+00  0.139680E+08
  0.140764E-01  0.138766E+08  0.138589E+08  0.000000E+00  0.000000E+00  0.000000E+00  0.138739E+08
  0.143130E-01  0.137816E+08  0.137634E+08  0.000000E+00  0.000000E+00  0.000000E+00  0.137787E+08
  0.145535E-01  0.136854E+08  0.136668E+08  0.000000E+00  0.000000E+00  0.000000E+00  0.136825E+08
  0.147981E-01  0.135883E+08  0.135691E+08  0.000000E+00  0.000000E+00  0.000000E+00  0.135853E+08
  0.150468E-01  0.134901E+08  0.134704E+08  0.000000E+00  0.000000E+00  0.000000E+00  0.134870E+08
  0.152997E-01  0.133909E+08  0.133707E+08  0.000000E+00  0.000000E+00  0.000000E+00  0.133877E+08
  0.155568E-01  0.132906E+08  0.132699E+08  0.000000E+00  0.000000E+00  0.000000E+00  0.132873E+08
  0.158183E-01  0.131893E+08  0.131680E+08  0.000000E+00  0.000000E+00  0.000000E+00  0.131859E+08
  0.160841E-01  0.130869E+08  0.130651E+08  0.000000E+00  0.000000E+00  0.000000E+00  0.130835E+08
  0.163544E-01  0.129835E+08  0.129612E+08  0.000000E+00  0.000000E+00  0.000000E+00  0.129800E+08
  0.166293E-01  0.128791E+08  0.128562E+08  0.000000E+00  0.000000E+00  0.000000E+00  0.128755E+08
  0.169088E-01  0.127737E+08  0.127502E+08  0.000000E+00  0.000000E+00  0.000000E+00  0.127700E+08
  0.171930E-01  0.126672E+08  0.126431E+08  0.000000E+00  0.000000E+00  0.000000E+00  0.126634E+08
  0.174819E-01  0.125597E+08  0.125351E+08  0.000000E+00  0.000000E+00  0.000000E+00  0.125558E+08
  0.177757E-01  0.124513E+08  0.124260E+08  0.000000E+00  0.000000E+00  0.000000E+00  0.124473E+08
  0.180745E-01  0.123418E+08  0.123159E+08  0.000000E+00  0.000000E+00  0.000000E+00  0.123377E+08
  0.183782E-01  0.122313E+08  0.122048E+08  0.000000E+00  0.000000E+00  0.000000E+00  0.122271E+08
  0.186871E-01  0.121198E+08  0.120927E+08  0.000000E+00  0.000000E+00  0.000000E+00  0.121155E+08
  0.190011E-01  0.120074E+08  0.119796E+08  0.000000E+00  0.000000E+00  0.000000E+00  0.120030E+08
  0.193205E-01  0.118940E+08  0.118656E+08  0.000000E+00  0.000000E+00  0.000000E+00  0.118895E+08
  0.196452E-01  0.117797E+08  0.117507E+08  0.000000E+00  0.000000E+00  0.000000E+00  0.117751E+08
  0.199754E-01  0.116644E+08  0.116348E+08  0.000000E+00  0.000000E+00  0.000000E+00  0.116598E+08
  0.203111E-01  0.115483E+08  0.115180E+08  0.000000E+00  0.000000E+00  0.000000E+00  0.115435E+08
  0.206524E-01  0.114313E+08  0.114003E+08  0.000000E+00  0.000000E+00  0.000000E+00  0.114264E+08
  0.209995E-01  0.113134E+08  0.112818E+08  0.000000E+00  0.000000E+00  0.000000E+00  0.113084E+08
  0.213524E-01  0.111946E+08  0.111624E+08  0.000000E+00  0.000000E+00  0.000000E+00  0.111895E+08
  0.217113E-01  0.110751E+08  0.110422E+08  0.000000E+00  0.000000E+00  0.000000E+00  0.110699E+08
  0.220762E-01  0.109548E+08  0.109212E+08  0.000000E+00  0.000000E+00  0.000000E+00  0.109495E+08
  0.224472E-01  0.108337E+08  0.107995E+08  0.000000E+00  0.000000E+00  0.000000E+00  0.108283E+08
  0.228245E-01  0.107119E+08  0.106770E+08  0.000000E+00  0.000000E+00  0.000000E+00  0.107064E+08
  0.232081E-01  0.105894E+08  0.105539E+08  0.000000E+00  0.000000E+00  0.000000E+00  0.105838E+08
  0.235981E-01  0.104663E+08  0.104301E+08  0.000000E+00  0.000000E+00  0.000000E+00  0.104605E+08
  0.239947E-01  0.103425E+08  0.103057E+08  0.000000E+00  0.000000E+00  0.000000E+00  0.103367E+08
  0.243980E-01  0.102182E+08  0.101808E+08  0.000000E+00  0.000000E+00  0.000000E+00  0.102123E+08
  0.248080E-01  0.100934E+08  0.100554E+08  0.000000E+00  0.000000E+00  0.000000E+00  0.100874E+08
  0.252249E-01  0.996811E+07  0.992947E+07  0.000000E+00  0.000000E+00  0.000000E+00  0.996201E+07
  0.256489E-01  0.984241E+07  0.980317E+07  0.000000E+00  0.000000E+00  0.000000E+00  0.983622E+07
  0.260799E-01  0.971635E+07  0.967652E+07  0.000000E+00  0.000000E+00  0.000000E+00  0.971006E+07
  0.265182E-01  0.958998E+07  0.954959E+07  0.000000E+00  0.000000E+00  0.000000E+00  0.958361E+07
  0.269639E-01  0.946337E+07  0.942243E+07  0.000000E+00  0.000000E+00  0.000000E+00  0.945691E+07
  0.274171E-01  0.933658E+07  0.929510E+07  0.000000E+00  0.000000E+00  0.000000E+00  0.933004E+07
  0.278779E-01  0.920968E+07  0.916769E+07  0.000000E+00  0.000000E+00  0.000000E+00  0.920305E+07
  0.283464E-01  0.908273E+07  0.904026E+07  0.000000E+00  0.000000E+00  0.000000E+00  0.907603E+07
  0.288228E-01  0.895582E+07  0.891288E+07  0.000000E+00  0.000000E+00  0.000000E+00  0.894904E+07
  0.293072E-01  0.882901E+07  0.878564E+07  0.000000E+00  0.000000E+00  0.000000E+00  0.882217E+07
  0.297997E-01  0.870239E+07  0.865860E+07  0.000000E+00  0.000000E+00  0.000000E+00  0.869548E+07
  0.303006E-01  0.857603E+07  0.853187E+07  0.000000E+00  0.000000E+00  0.000000E+00  0.856906E+07
  0.308098E-01  0.845002E+07  0.840551E+07  0.000000E+00  0.000000E+00  0.000000E+00  0.844299E+07
  0.313276E-01  0.832444E+07  0.827963E+07  0.000000E+00  0.000000E+00  0.000000E+00  0.831737E+07
  0.318541E-01  0.819940E+07  0.815431E+07  0.000000E+00  0.000000E+00  0.000000E+00  0.819228E+07
  0.323895E-01  0.807496E+07  0.802965E+07  0.000000E+00  0.000000E+00  0.000000E+00  0.806781E+07
  0.329338E-01  0.795124E+07  0.790574E+07  0.000000E+00  0.000000E+00  0.000000E+00  0.794406E+07
  0.334873E-01  0.782832E+07  0.778267E+07  0.000000E+00  0.000000E+00  0.000000E+00  0.782112E+07
  0.340501E-01  0.770630E+07  0.766055E+07  0.000000E+00  0.000000E+00  0.000000E+00  0.769908E+07
  0.346224E-01  0.758528E+07  0.753948E+07  0.000000E+00  0.000000E+00  0.000000E+00  0.757805E+07
  0.352042E-01  0.746535E+07  0.741955E+07  0.000000E+00  0.000000E+00  0.000000E+00  0.745812E+07
  0.357959E-01  0.734661E+07  0.730086E+07  0.000000E+00  0.000000E+00  0.000000E+00  0.733939E+07
  0.363975E-01  0.722916E+07  0.718351E+07  0.000000E+00  0.000000E+00  0.000000E+00  0.722196E+07
  0.370092E-01  0.711311E+07  0.706762E+07  0.000000E+00  0.000000E+00  0.000000E+00  0.710593E+07
  0.376312E-01  0.699861E+07  0.695333E+07  0.000000E+00  0.000000E+00  0.000000E+00  0.699147E+07
  0.382636E-01  0.688571E+07  0.684070E+07  0.000000E+00  0.000000E+00  0.000000E+00  0.687860E+07
  0.389067E-01  0.677446E+07  0.672979E+07  0.000000E+00  0.000000E+00  0.000000E+00  0.676741E+07
  0.395606E-01  0.666496E+07  0.662067E+07  0.000000E+00  0.000000E+00  0.000000E+00  0.665797E+07
  0.402254E-01  0.655725E+07  0.651342E+07  0.000000E+00  0.000000E+00  0.000000E+00  0.655033E+07
  0.409015E-01  0.645141E+07  0.640809E+07  0.000000E+00  0.000000E+00  0.000000E+00  0.644457E+07
  0.415889E-01  0.634750E+07  0.630475E+07  0.000000E+00  0.000000E+00  0.000000E+00  0.634076E+07
  0.422878E-01  0.624560E+07  0.620348E+07  0.000000E+00  0.000000E+00  0.000000E+00  0.623895E+07
  0.429985E-01  0.614576E+07  0.610434E+07  0.000000E+00  0.000000E+00  0.000000E+00  0.613922E+07
  0.437212E-01  0.604807E+07  0.600739E+07  0.000000E+00  0.000000E+00  0.000000E+00  0.604165E+07
  0.444560E-01  0.595257E+07  0.591270E+07  0.000000E+00  0.000000E+00  0.000000E+00  0.594628E+07
  0.452031E-01  0.585932E+07  0.582032E+07  0.000000E+00  0.000000E+00  0.000000E+00  0.585317E+07
  0.459628E-01  0.576836E+07  0.573027E+07  0.000000E+00  0.000000E+00  0.000000E+00  0.576235E+07
  0.467353E-01  0.567968E+07  0.564256E+07  0.000000E+00  0.000000E+00  0.000000E+00  0.567382E+07
  0.475207E-01  0.559330E+07  0.555719E+07  0.000000E+00  0.000000E+00  0.000000E+00  0.558760E+07
  0.483194E-01  0.550917E+07  0.547412E+07  0.000000E+00  0.000000E+00  0.000000E+00  0.550364E+07
  0.491315E-01  0.542726E+07  0.539330E+07  0.000000E+00  0.000000E+00  0.000000E+00  0.542190E+07
  0.499572E-01  0.534751E+07  0.531469E+07  0.000000E+00  0.000000E+00  0.000000E+00  0.534233E+07
  0.507968E-01  0.526986E+07  0.523820E+07  0.000000E+00  0.000000E+00  0.000000E+00  0.526487E+07
  0.516505E-01  0.519424E+07  0.516376E+07  0.000000E+00  0.000000E+00  0.000000E+00  0.518943E+07
  0.525185E-01  0.512055E+07  0.509127E+07  0.000000E+00  0.000000E+00  0.000000E+00  0.511593E+07
  0.534012E-01  0.504870E+07  0.502064E+07  0.000000E+00  0.000000E+00  0.000000E+00  0.504428E+07
  0.542987E-01  0.497858E+07  0.495174E+07  0.000000E+00  0.000000E+00  0.000000E+00  0.497435E+07
  0.552112E-01  0.491006E+07  0.488443E+07  0.000000E+00  0.000000E+00  0.000000E+00  0.490602E+07
  0.561391E-01  0.484298E+07  0.481855E+07  0.000000E+00  0.000000E+00  0.000000E+00  0.483913E+07
  0.570826E-01  0.477720E+07  0.475396E+07  0.000000E+00  0.000000E+00  0.000000E+00  0.477353E+07
  0.580420E-01  0.471254E+07  0.469046E+07  0.000000E+00  0.000000E+00  0.000000E+00  0.470906E+07
  0.594098E-01  0.462375E+07  0.460323E+07  0.000000E+00  0.000000E+00  0.000000E+00  0.462051E+07
  0.607777E-01  0.453836E+07  0.451928E+07  0.000000E+00  0.000000E+00  0.000000E+00  0.453535E+07
  0.621456E-01  0.445574E+07  0.443798E+07  0.000000E+00  0.000000E+00  0.000000E+00  0.445294E+07
  0.635135E-01  0.437532E+07  0.435873E+07  0.000000E+00  0.000000E+00  0.000000E+00  0.437270E+07
  0.648814E-01  0.429653E+07  0.428097E+07  0.000000E+00  0.000000E+00  0.000000E+00  0.429407E+07
  0.662493E-01  0.421889E+07  0.420420E+07  0.000000E+00  0.000000E+00  0.000000E+00  0.421657E+07
  0.676172E-01  0.414202E+07  0.412806E+07  0.000000E+00  0.000000E+00  0.000000E+00  0.413982E+07
  0.689851E-01  0.406567E+07  0.405229E+07  0.000000E+00  0.000000E+00  0.000000E+00  0.406356E+07
  0.703530E-01  0.398966E+07  0.397671E+07  0.000000E+00  0.000000E+00  0.000000E+00  0.398761E+07
  0.717209E-01  0.391388E+07  0.390124E+07  0.000000E+00  0.000000E+00  0.000000E+00  0.391189E+07
  0.730888E-01  0.383826E+07  0.382579E+07  0.000000E+00  0.000000E+00  0.000000E+00  0.383629E+07
  0.744567E-01  0.376270E+07  0.375029E+07  0.000000E+00  0.000000E+00  0.000000E+00  0.376074E+07
  0.758246E-01  0.368717E+07  0.367470E+07  0.000000E+00  0.000000E+00  0.000000E+00  0.368520E+07
  0.771924E-01  0.361173E+07  0.359912E+07  0.000000E+00  0.000000E+00  0.000000E+00  0.360974E+07
  0.785603E-01  0.353655E+07  0.352372E+07  0.000000E+00  0.000000E+00  0.000000E+00  0.353453E+07
  0.799282E-01  0.346184E+07  0.344873E+07  0.000000E+00  0.000000E+00  0.000000E+00  0.345977E+07
  0.812961E-01  0.338781E+07  0.337437E+07  0.000000E+00  0.000000E+00  0.000000E+00  0.338569E+07
  0.826640E-01  0.331466E+07  0.330086E+07  0.000000E+00  0.000000E+00  0.000000E+00  0.331248E+07
  0.840319E-01  0.324256E+07  0.322838E+07  0.000000E+00  0.000000E+00  0.000000E+00  0.324032E+07
  0.853998E-01  0.317168E+07  0.315710E+07  0.000000E+00  0.000000E+00  0.000000E+00  0.316938E+07
  0.867677E-01  0.310219E+07  0.308723E+07  0.000000E+00  0.000000E+00  0.000000E+00  0.309983E+07
  0.881356E-01  0.303430E+07  0.301899E+07  0.000000E+00  0.000000E+00  0.000000E+00  0.303188E+07
  0.895035E-01  0.296824E+07  0.295261E+07  0.000000E+00  0.000000E+00  0.000000E+00  0.296577E+07
  0.908714E-01  0.290422E+07  0.288829E+07  0.000000E+00  0.000000E+00  0.000000E+00  0.290170E+07
  0.922393E-01  0.284241E+07  0.282625E+07  0.000000E+00  0.000000E+00  0.000000E+00  0.283986E+07
  0.936071E-01  0.278296E+07  0.276662E+07  0.000000E+00  0.000000E+00  0.000000E+00  0.278038E+07
  0.949750E-01  0.272598E+07  0.270953E+07  0.000000E+00  0.000000E+00  0.000000E+00  0.272339E+07
  0.963429E-01  0.267159E+07  0.265508E+07  0.000000E+00  0.000000E+00  0.000000E+00  0.266899E+07
  0.977108E-01  0.261984E+07  0.260335E+07  0.000000E+00  0.000000E+00  0.000000E+00  0.261724E+07
  0.990787E-01  0.257077E+07  0.255437E+07  0.000000E+00  0.000000E+00  0.000000E+00  0.256818E+07
  0.100447E+00  0.252436E+07  0.250811E+07  0.000000E+00  0.000000E+00  0.000000E+00  0.252180E+07
  0.101814E+00  0.248057E+07  0.246453E+07  0.000000E+00  0.000000E+00  0.000000E+00  0.247804E+07
  0.103182E+00  0.243930E+07  0.242355E+07  0.000000E+00  0.000000E+00  0.000000E+00  0.243681E+07
  0.104550E+00  0.240046E+07  0.238505E+07  0.000000E+00  0.000000E+00  0.000000E+00  0.239803E+07
  0.105918E+00  0.236395E+07  0.234893E+07  0.000000E+00  0.000000E+00  0.000000E+00  0.236158E+07
  0.107286E+00  0.232965E+07  0.231507E+07  0.000000E+00  0.000000E+00  0.000000E+00  0.232735E+07
  0.108654E+00  0.229743E+07  0.228333E+07  0.000000E+00  0.000000E+00  0.000000E+00  0.229520E+07
  0.110022E+00  0.226714E+07  0.225355E+07  0.000000E+00  0.000000E+00  0.000000E+00  0.226500E+07
  0.111390E+00  0.223860E+07  0.222554E+07  0.000000E+00  0.000000E+00  0.000000E+00  0.223654E+07
  0.112758E+00  0.221161E+07  0.219909E+07  0.000000E+00  0.000000E+00  0.000000E+00  0.220963E+07
  0.114126E+00  0.218596E+07  0.217400E+07  0.000000E+00  0.000000E+00  0.000000E+00  0.218407E+07
  0.115493E+00  0.216145E+07  0.215005E+07  0.000000E+00  0.000000E+00  0.000000E+00  0.215966E+07
  0.116861E+00  0.213790E+07  0.212705E+07  0.000000E+00  0.000000E+00  0.000000E+00  0.213618E+07
  0.118229E+00  0.211510E+07  0.210478E+07  0.000000E+00  0.000000E+00  0.000000E+00  0.211347E+07
  0.119597E+00  0.209289E+07  0.208308E+07  0.000000E+00  0.000000E+00  0.000000E+00  0.209134E+07
  0.120965E+00  0.207109E+07  0.206177E+07  0.000000E+00  0.000000E+00  0.000000E+00  0.206962E+07
  0.122333E+00  0.204955E+07  0.204068E+07  0.000000E+00  0.000000E+00  0.000000E+00  0.204815E+07
  0.123701E+00  0.202812E+07  0.201967E+07  0.000000E+00  0.000000E+00  0.000000E+00  0.202679E+07
  0.125069E+00  0.200668E+07  0.199860E+07  0.000000E+00  0.000000E+00  0.000000E+00  0.200540E+07
  0.126437E+00  0.198512E+07  0.197737E+07  0.000000E+00  0.000000E+00  0.000000E+00  0.198390E+07
  0.127804E+00  0.196335E+07  0.195589E+07  0.000000E+00  0.000000E+00  0.000000E+00  0.196218E+07
  0.129172E+00  0.194132E+07  0.193410E+07  0.000000E+00  0.000000E+00  0.000000E+00  0.194018E+07
  0.130540E+00  0.191896E+07  0.191193E+07  0.000000E+00  0.000000E+00  0.000000E+00  0.191785E+07
  0.131908E+00  0.189625E+07  0.188937E+07  0.000000E+00  0.000000E+00  0.000000E+00  0.189517E+07
  0.133276E+00  0.187316E+07  0.186638E+07  0.000000E+00  0.000000E+00  0.000000E+00  0.187209E+07
  0.134644E+00  0.184968E+07  0.184296E+07  0.000000E+00  0.000000E+00  0.000000E+00  0.184862E+07
  0.136012E+00  0.182584E+07  0.181914E+07  0.000000E+00  0.000000E+00  0.000000E+00  0.182478E+07
  0.137380E+00  0.180165E+07  0.179494E+07  0.000000E+00  0.000000E+00  0.000000E+00  0.180059E+07
  0.138748E+00  0.177719E+07  0.177043E+07  0.000000E+00  0.000000E+00  0.000000E+00  0.177612E+07
  0.140115E+00  0.175252E+07  0.174568E+07  0.000000E+00  0.000000E+00  0.000000E+00  0.175144E+07
  0.141483E+00  0.172771E+07  0.172078E+07  0.000000E+00  0.000000E+00  0.000000E+00  0.172662E+07
  0.142851E+00  0.170286E+07  0.169581E+07  0.000000E+00  0.000000E+00  0.000000E+00  0.170174E+07
  0.144219E+00  0.167804E+07  0.167086E+07  0.000000E+00  0.000000E+00  0.000000E+00  0.167690E+07
  0.145587E+00  0.165333E+07  0.164602E+07  0.000000E+00  0.000000E+00  0.000000E+00  0.165218E+07
  0.146955E+00  0.162883E+07  0.162137E+07  0.000000E+00  0.000000E+00  0.000000E+00  0.162765E+07
  0.148323E+00  0.160461E+07  0.159701E+07  0.000000E+00  0.000000E+00  0.000000E+00  0.160341E+07
  0.149691E+00  0.158075E+07  0.157302E+07  0.000000E+00  0.000000E+00  0.000000E+00  0.157953E+07
  0.151059E+00  0.155734E+07  0.154948E+07  0.000000E+00  0.000000E+00  0.000000E+00  0.155610E+07
  0.152426E+00  0.153446E+07  0.152649E+07  0.000000E+00  0.000000E+00  0.000000E+00  0.153320E+07
  0.153794E+00  0.151218E+07  0.150411E+07  0.000000E+00  0.000000E+00  0.000000E+00  0.151091E+07
  0.155162E+00  0.149057E+07  0.148241E+07  0.000000E+00  0.000000E+00  0.000000E+00  0.148928E+07
  0.156530E+00  0.146968E+07  0.146147E+07  0.000000E+00  0.000000E+00  0.000000E+00  0.146839E+07
  0.157898E+00  0.144956E+07  0.144131E+07  0.000000E+00  0.000000E+00  0.000000E+00  0.144826E+07
  0.159266E+00  0.143024E+07  0.142197E+07  0.000000E+00  0.000000E+00  0.000000E+00  0.142894E+07
  0.160634E+00  0.141175E+07  0.140349E+07  0.000000E+00  0.000000E+00  0.000000E+00  0.141044E+07
  0.162002E+00  0.139408E+07  0.138586E+07  0.000000E+00  0.000000E+00  0.000000E+00  0.139278E+07
  0.163370E+00  0.137725E+07  0.136908E+07  0.000000E+00  0.000000E+00  0.000000E+00  0.137596E+07
  0.164738E+00  0.136123E+07  0.135315E+07  0.000000E+00  0.000000E+00  0.000000E+00  0.135996E+07
  0.166105E+00  0.134601E+07  0.133804E+07  0.000000E+00  0.000000E+00  0.000000E+00  0.134476E+07
  0.167473E+00  0.133157E+07  0.132371E+07  0.000000E+00  0.000000E+00  0.000000E+00  0.133033E+07
  0.168841E+00  0.131786E+07  0.131015E+07  0.000000E+00  0.000000E+00  0.000000E+00  0.131664E+07
  0.170209E+00  0.130484E+07  0.129730E+07  0.000000E+00  0.000000E+00  0.000000E+00  0.130365E+07
  0.171577E+00  0.129248E+07  0.128511E+07  0.000000E+00  0.000000E+00  0.000000E+00  0.129131E+07
  0.172945E+00  0.128071E+07  0.127353E+07  0.000000E+00  0.000000E+00  0.000000E+00  0.127958E+07
  0.174313E+00  0.126947E+07  0.126249E+07  0.000000E+00  0.000000E+00  0.000000E+00  0.126837E+07
  0.175681E+00  0.125871E+07  0.125193E+07  0.000000E+00  0.000000E+00  0.000000E+00  0.125764E+07
  0.177049E+00  0.124835E+07  0.124178E+07  0.000000E+00  0.000000E+00  0.000000E+00  0.124732E+07
  0.178416E+00  0.123833E+07  0.123197E+07  0.000000E+00  0.000000E+00  0.000000E+00  0.123733E+07
  0.179784E+00  0.122859E+07  0.122243E+07  0.000000E+00  0.000000E+00  0.000000E+00  0.122762E+07
  0.181152E+00  0.121906E+07  0.121310E+07  0.000000E+00  0.000000E+00  0.000000E+00  0.121812E+07
  0.182520E+00  0.120968E+07  0.120391E+07  0.000000E+00  0.000000E+00  0.000000E+00  0.120877E+07
  0.183888E+00  0.120039E+07  0.119480E+07  0.000000E+00  0.000000E+00  0.000000E+00  0.119951E+07
  0.185256E+00  0.119114E+07  0.118573E+07  0.000000E+00  0.000000E+00  0.000000E+00  0.119028E+07
  0.186624E+00  0.118188E+07  0.117663E+07  0.000000E+00  0.000000E+00  0.000000E+00  0.118105E+07
  0.187992E+00  0.117257E+07  0.116747E+07  0.000000E+00  0.000000E+00  0.000000E+00  0.117176E+07
  0.189360E+00  0.116318E+07  0.115822E+07  0.000000E+00  0.000000E+00  0.000000E+00  0.116240E+07
  0.190727E+00  0.115369E+07  0.114884E+07  0.000000E+00  0.000000E+00  0.000000E+00  0.115293E+07
  0.192095E+00  0.114407E+07  0.113932E+07  0.000000E+00  0.000000E+00  0.000000E+00  0.114332E+07
  0.193463E+00  0.113430E+07  0.112964E+07  0.000000E+00  0.000000E+00  0.000000E+00  0.113356E+07
  0.194831E+00  0.112437E+07  0.111977E+07  0.000000E+00  0.000000E+00  0.000000E+00  0.112364E+07
  0.196199E+00  0.111427E+07  0.110972E+07  0.000000E+00  0.000000E+00  0.000000E+00  0.111355E+07
  0.197567E+00  0.110399E+07  0.109949E+07  0.000000E+00  0.000000E+00  0.000000E+00  0.110328E+07
  0.198935E+00  0.109356E+07  0.108908E+07  0.000000E+00  0.000000E+00  0.000000E+00  0.109285E+07
  0.200303E+00  0.108299E+07  0.107852E+07  0.000000E+00  0.000000E+00  0.000000E+00  0.108228E+07
  0.201671E+00  0.107229E+07  0.106782E+07  0.000000E+00  0.000000E+00  0.000000E+00  0.107159E+07
  0.203038E+00  0.106150E+07  0.105702E+07  0.000000E+00  0.000000E+00  0.000000E+00  0.106079E+07
  0.204406E+00  0.105064E+07  0.104613E+07  0.000000E+00  0.000000E+00  0.000000E+00  0.104993E+07
  0.205774E+00  0.103973E+07  0.103519E+07  0.000000E+00  0.000000E+00  0.000000E+00  0.103901E+07
  0.207142E+00  0.102880E+07  0.102424E+07  0.000000E+00  0.000000E+00  0.000000E+00  0.102808E+07
  0.208510E+00  0.101789E+07  0.101329E+07  0.000000E+00  0.000000E+00  0.000000E+00  0.101717E+07
  0.209878E+00  0.100703E+07  0.100239E+07  0.000000E+00  0.000000E+00  0.000000E+00  0.100630E+07
  0.211246E+00  0.996255E+06  0.991568E+06  0.000000E+00  0.000000E+00  0.000000E+00  0.995515E+06
  0.212614E+00  0.985587E+06  0.980859E+06  0.000000E+00  0.000000E+00  0.000000E+00  0.984841E+06
  0.213982E+00  0.975061E+06  0.970295E+06  0.000000E+00  0.000000E+00  0.000000E+00  0.974309E+06
  0.215350E+00  0.964708E+06  0.959906E+06  0.000000E+00  0.000000E+00  0.000000E+00  0.963950E+06
  0.216717E+00  0.954554E+06  0.949722E+06  0.000000E+00  0.000000E+00  0.000000E+00  0.953792E+06
  0.221009E+00  0.924274E+06  0.919388E+06  0.000000E+00  0.000000E+00  0.000000E+00  0.923502E+06
  0.225385E+00  0.896238E+06  0.891378E+06  0.000000E+00  0.000000E+00  0.000000E+00  0.895471E+06
  0.229848E+00  0.870789E+06  0.866044E+06  0.000000E+00  0.000000E+00  0.000000E+00  0.870040E+06
  0.234399E+00  0.847908E+06  0.843361E+06  0.000000E+00  0.000000E+00  0.000000E+00  0.847190E+06
  0.239041E+00  0.827229E+06  0.822940E+06  0.000000E+00  0.000000E+00  0.000000E+00  0.826552E+06
  0.243774E+00  0.808073E+06  0.804068E+06  0.000000E+00  0.000000E+00  0.000000E+00  0.807441E+06
  0.248601E+00  0.789582E+06  0.785850E+06  0.000000E+00  0.000000E+00  0.000000E+00  0.788993E+06
  0.253524E+00  0.770976E+06  0.767473E+06  0.000000E+00  0.000000E+00  0.000000E+00  0.770423E+06
  0.258544E+00  0.751639E+06  0.748298E+06  0.000000E+00  0.000000E+00  0.000000E+00  0.751112E+06
  0.263663E+00  0.731258E+06  0.728006E+06  0.000000E+00  0.000000E+00  0.000000E+00  0.730744E+06
  0.268884E+00  0.709944E+06  0.706717E+06  0.000000E+00  0.000000E+00  0.000000E+00  0.709434E+06
  0.274208E+00  0.688129E+06  0.684890E+06  0.000000E+00  0.000000E+00  0.000000E+00  0.687618E+06
  0.279638E+00  0.666447E+06  0.663187E+06  0.000000E+00  0.000000E+00  0.000000E+00  0.665932E+06
  0.285175E+00  0.645600E+06  0.642341E+06  0.000000E+00  0.000000E+00  0.000000E+00  0.645086E+06
  0.290822E+00  0.626124E+06  0.622910E+06  0.000000E+00  0.000000E+00  0.000000E+00  0.625617E+06
  0.296581E+00  0.608252E+06  0.605132E+06  0.000000E+00  0.000000E+00  0.000000E+00  0.607760E+06
  0.302453E+00  0.591898E+06  0.588914E+06  0.000000E+00  0.000000E+00  0.000000E+00  0.591427E+06
  0.308442E+00  0.576639E+06  0.573810E+06  0.000000E+00  0.000000E+00  0.000000E+00  0.576193E+06
  0.314550E+00  0.561908E+06  0.559229E+06  0.000000E+00  0.000000E+00  0.000000E+00  0.561486E+06
  0.320779E+00  0.547170E+06  0.544614E+06  0.000000E+00  0.000000E+00  0.000000E+00  0.546767E+06
  0.327130E+00  0.532070E+06  0.529597E+06  0.000000E+00  0.000000E+00  0.000000E+00  0.531679E+06
  0.333608E+00  0.516572E+06  0.514148E+06  0.000000E+00  0.000000E+00  0.000000E+00  0.516190E+06
  0.340214E+00  0.500912E+06  0.498514E+06  0.000000E+00  0.000000E+00  0.000000E+00  0.500533E+06
  0.346951E+00  0.485505E+06  0.483131E+06  0.000000E+00  0.000000E+00  0.000000E+00  0.485130E+06
  0.353821E+00  0.470768E+06  0.468433E+06  0.000000E+00  0.000000E+00  0.000000E+00  0.470400E+06
  0.360827E+00  0.456941E+06  0.454668E+06  0.000000E+00  0.000000E+00  0.000000E+00  0.456583E+06
  0.367972E+00  0.444029E+06  0.441840E+06  0.000000E+00  0.000000E+00  0.000000E+00  0.443684E+06
  0.375258E+00  0.431790E+06  0.429693E+06  0.000000E+00  0.000000E+00  0.000000E+00  0.431459E+06
  0.382689E+00  0.419892E+06  0.417882E+06  0.000000E+00  0.000000E+00  0.000000E+00  0.419575E+06
  0.390266E+00  0.408038E+06  0.406098E+06  0.000000E+00  0.000000E+00  0.000000E+00  0.407732E+06
  0.397994E+00  0.396123E+06  0.394235E+06  0.000000E+00  0.000000E+00  0.000000E+00  0.395825E+06
  0.405875E+00  0.384228E+06  0.382379E+06  0.000000E+00  0.000000E+00  0.000000E+00  0.383936E+06
  0.413912E+00  0.372581E+06  0.370769E+06  0.000000E+00  0.000000E+00  0.000000E+00  0.372295E+06
  0.422108E+00  0.361393E+06  0.359624E+06  0.000000E+00  0.000000E+00  0.000000E+00  0.361114E+06
  0.430466E+00  0.350766E+06  0.349052E+06  0.000000E+00  0.000000E+00  0.000000E+00  0.350496E+06
  0.438990E+00  0.340634E+06  0.338980E+06  0.000000E+00  0.000000E+00  0.000000E+00  0.340373E+06
  0.447683E+00  0.330835E+06  0.329240E+06  0.000000E+00  0.000000E+00  0.000000E+00  0.330583E+06
  0.456547E+00  0.321200E+06  0.319658E+06  0.000000E+00  0.000000E+00  0.000000E+00  0.320957E+06
  0.465588E+00  0.311666E+06  0.310167E+06  0.000000E+00  0.000000E+00  0.000000E+00  0.311429E+06
  0.474807E+00  0.302282E+06  0.300821E+06  0.000000E+00  0.000000E+00  0.000000E+00  0.302052E+06
  0.484209E+00  0.293158E+06  0.291735E+06  0.000000E+00  0.000000E+00  0.000000E+00  0.292933E+06
  0.493797E+00  0.284380E+06  0.282999E+06  0.000000E+00  0.000000E+00  0.000000E+00  0.284162E+06
  0.503574E+00  0.275947E+06  0.274610E+06  0.000000E+00  0.000000E+00  0.000000E+00  0.275736E+06
  0.513546E+00  0.267786E+06  0.266493E+06  0.000000E+00  0.000000E+00  0.000000E+00  0.267582E+06
  0.523715E+00  0.259818E+06  0.258566E+06  0.000000E+00  0.000000E+00  0.000000E+00  0.259620E+06
  0.534085E+00  0.252007E+06  0.250790E+06  0.000000E+00  0.000000E+00  0.000000E+00  0.251815E+06
  0.544661E+00  0.244378E+06  0.243196E+06  0.000000E+00  0.000000E+00  0.000000E+00  0.244192E+06
  0.555446E+00  0.236981E+06  0.235834E+06  0.000000E+00  0.000000E+00  0.000000E+00  0.236800E+06
  0.566444E+00  0.229835E+06  0.228723E+06  0.000000E+00  0.000000E+00  0.000000E+00  0.229660E+06
  0.577661E+00  0.222919E+06  0.221841E+06  0.000000E+00  0.000000E+00  0.000000E+00  0.222748E+06
  0.589099E+00  0.216192E+06  0.215148E+06  0.000000E+00  0.000000E+00  0.000000E+00  0.216027E+06
  0.600764E+00  0.209632E+06  0.208620E+06  0.000000E+00  0.000000E+00  0.000000E+00  0.209472E+06
  0.612660E+00  0.203246E+06  0.202263E+06  0.000000E+00  0.000000E+00  0.000000E+00  0.203091E+06
  0.624791E+00  0.197049E+06  0.196096E+06  0.000000E+00  0.000000E+00  0.000000E+00  0.196899E+06
  0.637163E+00  0.191047E+06  0.190123E+06  0.000000E+00  0.000000E+00  0.000000E+00  0.190901E+06
  0.649780E+00  0.185224E+06  0.184329E+06  0.000000E+00  0.000000E+00  0.000000E+00  0.185083E+06
  0.726141E+00  0.155232E+06  0.154482E+06  0.000000E+00  0.000000E+00  0.000000E+00  0.155114E+06
  0.811477E+00  0.129896E+06  0.129268E+06  0.000000E+00  0.000000E+00  0.000000E+00  0.129797E+06
  0.906841E+00  0.108534E+06  0.108010E+06  0.000000E+00  0.000000E+00  0.000000E+00  0.108451E+06
  0.101341E+01  0.905613E+05  0.901240E+05  0.000000E+00  0.000000E+00  0.000000E+00  0.904923E+05
  0.113251E+01  0.754638E+05  0.750994E+05  0.000000E+00  0.000000E+00  0.000000E+00  0.754063E+05
  0.126560E+01  0.628051E+05  0.625019E+05  0.000000E+00  0.000000E+00  0.000000E+00  0.627573E+05
  0.141433E+01  0.522071E+05  0.519551E+05  0.000000E+00  0.000000E+00  0.000000E+00  0.521674E+05
  0.158054E+01  0.433487E+05  0.431394E+05  0.000000E+00  0.000000E+00  0.000000E+00  0.433157E+05
  0.176628E+01  0.359546E+05  0.357810E+05  0.000000E+00  0.000000E+00  0.000000E+00  0.359272E+05
  0.197386E+01  0.297911E+05  0.296473E+05  0.000000E+00  0.000000E+00  0.000000E+00  0.297684E+05
  0.220582E+01  0.246602E+05  0.245411E+05  0.000000E+00  0.000000E+00  0.000000E+00  0.246414E+05
  0.246505E+01  0.203939E+05  0.202955E+05  0.000000E+00  0.000000E+00  0.000000E+00  0.203784E+05
  0.275474E+01  0.168508E+05  0.167695E+05  0.000000E+00  0.000000E+00  0.000000E+00  0.168380E+05
  0.307847E+01  0.139115E+05  0.138444E+05  0.000000E+00  0.000000E+00  0.000000E+00  0.139009E+05
  0.344025E+01  0.114757E+05  0.114203E+05  0.000000E+00  0.000000E+00  0.000000E+00  0.114669E+05
  0.384455E+01  0.945904E+04  0.941334E+04  0.000000E+00  0.000000E+00  0.000000E+00  0.945183E+04
  0.429636E+01  0.779103E+04  0.775338E+04  0.000000E+00  0.000000E+00  0.000000E+00  0.778509E+04
  0.480126E+01  0.641265E+04  0.638164E+04  0.000000E+00  0.000000E+00  0.000000E+00  0.640775E+04
  0.536550E+01  0.527456E+04  0.524904E+04  0.000000E+00  0.000000E+00  0.000000E+00  0.527053E+04
  0.599605E+01  0.433566E+04  0.431467E+04  0.000000E+00  0.000000E+00  0.000000E+00  0.433234E+04
  0.670070E+01  0.356167E+04  0.354442E+04  0.000000E+00  0.000000E+00  0.000000E+00  0.355895E+04
  0.748816E+01  0.292412E+04  0.290994E+04  0.000000E+00  0.000000E+00  0.000000E+00  0.292189E+04
  0.836816E+01  0.239933E+04  0.238767E+04  0.000000E+00  0.000000E+00  0.000000E+00  0.239749E+04
  0.935157E+01  0.196764E+04  0.195806E+04  0.000000E+00  0.000000E+00  0.000000E+00  0.196613E+04
  0.104506E+02  0.161277E+04  0.160490E+04  0.000000E+00  0.000000E+00  0.000000E+00  0.161153E+04
