2401.0	0.0191972024057
2402.0	0.0192243894259
2403.0	0.0192521803721
2404.0	0.0192803881379
2405.0	0.0193090150278
2406.0	0.0193376808758
2407.0	0.0193667690067
2408.0	0.019396665909
2409.0	0.0194266066432
2410.0	0.0194565912623
2411.0	0.0194873929103
2412.0	0.0195184355539
2413.0	0.0195499146522
2414.0	0.0195816382859
2415.0	0.0196138028262
2416.0	0.0196460201018
2417.0	0.0196788778527
2418.0	0.0197117911807
2419.0	0.01974515377
2420.0	0.0197787712023
2421.0	0.0198130404262
2422.0	0.0198473711666
2423.0	0.0198821609037
2424.0	0.0199172134648
2425.0	0.0199523307669
2426.0	0.0199879132283
2427.0	0.0200237632884
2428.0	0.0200596814254
2429.0	0.0200962727288
2430.0	0.0201329354147
2431.0	0.0201700749934
2432.0	0.0202068819134
2433.0	0.0202445755366
2434.0	0.0202821410631
2435.0	0.0203201914139
2436.0	0.0203585246356
2437.0	0.0203967307969
2438.0	0.020435427649
2439.0	0.020474411685
2440.0	0.0205134772363
2441.0	0.0205528325417
2442.0	0.0205920622371
2443.0	0.0206317923411
2444.0	0.0206716069501
2445.0	0.0207119268602
2446.0	0.0207519122071
2447.0	0.0207924055373
2448.0	0.0208329864633
2449.0	0.0208734426007
2450.0	0.0209146251219
