2851.0	0.0183922742901
2852.0	0.0184621530475
2853.0	0.0185324002885
2854.0	0.0186022471393
2855.0	0.0186716834549
2856.0	0.0187414788497
2857.0	0.0188108517351
2858.0	0.0188797918814
2859.0	0.0189482890544
2860.0	0.0190163330179
2861.0	0.0190847141253
2862.0	0.0191518250562
2863.0	0.0192200696891
2864.0	0.0192870235619
2865.0	0.0193534811216
2866.0	0.019420253181
2867.0	0.0194865164878
2868.0	0.0195522607321
2869.0	0.0196183088575
2870.0	0.0196829881093
2871.0	0.0197479586866
2872.0	0.0198123770556
2873.0	0.0198770821277
2874.0	0.0199412223598
2875.0	0.0200039303754
2876.0	0.0200677671555
2877.0	0.0201301512407
2878.0	0.0201927982737
2879.0	0.0202548370421
2880.0	0.0203171338317
2881.0	0.0203779293544
2882.0	0.0204389702385
2883.0	0.0204993698816
2884.0	0.020560009823
2885.0	0.0206199958769
2886.0	0.0206793179782
2887.0	0.0207388689314
2888.0	0.0207977433226
2889.0	0.0208559311707
2890.0	0.0209143363791
2891.0	0.0209720424965
2892.0	0.0210290396432
2893.0	0.0210862426411
2894.0	0.0211427242068
2895.0	0.0211994063313
2896.0	0.0212553545858
2897.0	0.0213105592514
2898.0	0.0213659529676
2899.0	0.0214205907818
2900.0	0.0214754123087
