2151.0	0.0163375663241
2152.0	0.0164688390192
2153.0	0.0165997082976
2154.0	0.0167340290617
2155.0	0.0168679473925
2156.0	0.017003413784
2157.0	0.0171404519489
2158.0	0.0172790860541
2159.0	0.0174193407306
2160.0	0.0175591477767
2161.0	0.0177026941692
2162.0	0.0178457937383
2163.0	0.0179905651903
2164.0	0.0181370344129
2165.0	0.0182830062851
2166.0	0.0184306759062
2167.0	0.0185800694443
2168.0	0.018731213572
2169.0	0.0188841354777
2170.0	0.0190365053452
2171.0	0.0191906522298
2172.0	0.0193466035981
2173.0	0.019501944612
2174.0	0.0196590881457
2175.0	0.0198180619177
2176.0	0.019976363408
2177.0	0.0201364918893
2178.0	0.0202984753037
2179.0	0.0204623421273
2180.0	0.020625468696
2181.0	0.020787790746
2182.0	0.0209546720963
2183.0	0.0211207428692
2184.0	0.021285936244
2185.0	0.0214529948165
2186.0	0.0216219464869
2187.0	0.0217899438057
2188.0	0.0219598249544
2189.0	0.0221316179161
2190.0	0.0223023753171
2191.0	0.0224750335856
2192.0	0.0226465771039
2193.0	0.0228200087818
2194.0	0.0229922439635
2195.0	0.0231663528101
2196.0	0.023339180873
2197.0	0.0235138662994
2198.0	0.0236871841347
2199.0	0.023865627976
2200.0	0.0240393633616
