1901.0	0.0179687565789
1902.0	0.0180704777254
1903.0	0.018171535017
1904.0	0.018271900887
1905.0	0.0183700514317
1906.0	0.0184689396739
1907.0	0.0185655339387
1908.0	0.0186613028129
1909.0	0.0187562186225
1910.0	0.0188502536865
1911.0	0.0189433803327
1912.0	0.0190355709139
1913.0	0.0191252117076
1914.0	0.019213839842
1915.0	0.0193030354184
1916.0	0.0193895672963
1917.0	0.0194750052971
1918.0	0.0195593226477
1919.0	0.0196424927364
1920.0	0.0197228311199
1921.0	0.0198036178183
1922.0	0.0198815015164
1923.0	0.0199598013197
1924.0	0.0200351283516
1925.0	0.0201091349879
1926.0	0.0201835102668
1927.0	0.0202548115464
1928.0	0.0203247197128
1929.0	0.0203932112629
1930.0	0.0204602630644
1931.0	0.0205258523734
1932.0	0.020589956851
1933.0	0.0206525545803
1934.0	0.020713624083
1935.0	0.0207731443356
1936.0	0.0208328870432
1937.0	0.0208892544391
1938.0	0.0209440122015
1939.0	0.0209989536083
1940.0	0.0210504416904
1941.0	0.0211002643936
1942.0	0.0211502348384
1943.0	0.0211985170175
1944.0	0.0212450940288
1945.0	0.0212899495611
1946.0	0.0213330679074
1947.0	0.0213762915445
1948.0	0.0214158955627
1949.0	0.0214555857454
1950.0	0.0214934906612
