2601.0	0.0190197564924
2602.0	0.0190605545887
2603.0	0.0191014643187
2604.0	0.0191419481141
2605.0	0.0191825410834
2606.0	0.0192227024439
2607.0	0.0192624277802
2608.0	0.0193022570022
2609.0	0.0193421904547
2610.0	0.0193816810196
2611.0	0.0194212733397
2612.0	0.0194609677479
2613.0	0.0195002124005
2614.0	0.0195395566548
2615.0	0.0195784455398
2616.0	0.0196179883831
2617.0	0.0196570733612
2618.0	0.0196962560737
2619.0	0.019734975295
2620.0	0.0197743528313
2621.0	0.0198132643643
2622.0	0.0198522717259
2623.0	0.0198919430044
2624.0	0.0199311444903
2625.0	0.0199704427084
2626.0	0.0200098379607
2627.0	0.0200493305501
2628.0	0.0200889207806
2629.0	0.0201286089575
2630.0	0.0201683953873
2631.0	0.0202088609059
2632.0	0.0202488463785
2633.0	0.0202895148211
2634.0	0.0203302860329
2635.0	0.0203711603427
2636.0	0.020412138081
2637.0	0.020453219579
2638.0	0.0204949972841
2639.0	0.0205368827974
2640.0	0.0205788764717
2641.0	0.0206209786613
2642.0	0.0206637887123
2643.0	0.0207067114727
2644.0	0.0207503498495
2645.0	0.0207935009274
2646.0	0.0208379780731
2647.0	0.02088196872
2648.0	0.0209272971512
2649.0	0.0209721399302
2650.0	0.0210177189537
