2451.0	0.0190779600984
2452.0	0.0191156167395
2453.0	0.0191527691999
2454.0	0.0191903939184
2455.0	0.0192281008126
2456.0	0.0192658900823
2457.0	0.0193037619282
2458.0	0.019341716551
2459.0	0.0193797541523
2460.0	0.0194176754702
2461.0	0.0194558790869
2462.0	0.0194937651728
2463.0	0.0195321350589
2464.0	0.0195699839698
2465.0	0.0196083181703
2466.0	0.0196467356547
2467.0	0.0196846267066
2468.0	0.019723005835
2469.0	0.0197610589192
2470.0	0.0197993977103
2471.0	0.0198372020258
2472.0	0.0198752913203
2473.0	0.0199134608224
2474.0	0.0199512964052
2475.0	0.0199892103568
2476.0	0.0200269946029
2477.0	0.0200646476735
2478.0	0.0201023774389
2479.0	0.0201399741789
2480.0	0.0201772259935
2481.0	0.0202147626947
2482.0	0.0202519515292
2483.0	0.0202890014562
2484.0	0.0203259110084
2485.0	0.0203626787203
2486.0	0.0203990894781
2487.0	0.020435568589
2488.0	0.0204719014754
2489.0	0.0205080866793
2490.0	0.0205441227447
2491.0	0.0205797919405
2492.0	0.0206153080567
2493.0	0.020650669651
2494.0	0.0206856574668
2495.0	0.0207207051927
2496.0	0.0207553752581
2497.0	0.0207896647268
2498.0	0.0208240103402
2499.0	0.0208579715294
2500.0	0.0208915454073
