2251.0	0.0192979654466
2252.0	0.0193398080519
2253.0	0.0193778517408
2254.0	0.0194159792998
2255.0	0.0194541909409
2256.0	0.0194905187943
2257.0	0.0195269206987
2258.0	0.0195633968221
2259.0	0.0195979642715
2260.0	0.0196306087586
2261.0	0.0196633086332
2262.0	0.0196960639901
2263.0	0.0197288749241
2264.0	0.0197597360815
2265.0	0.0197886347666
2266.0	0.0198195855862
2267.0	0.0198465484667
2268.0	0.0198755635635
2269.0	0.0199025925437
2270.0	0.0199296527718
2271.0	0.0199547122013
2272.0	0.019979795839
2273.0	0.0200049036892
2274.0	0.0200300357561
2275.0	0.0200531467221
2276.0	0.0200742273227
2277.0	0.0200973706526
2278.0	0.0201184777229
2279.0	0.0201395966143
2280.0	0.0201607273093
2281.0	0.0201798077766
2282.0	0.0201988947484
2283.0	0.0202179882016
2284.0	0.0202350189906
2285.0	0.0202541228592
2286.0	0.0202711593772
2287.0	0.0202861220375
2288.0	0.0203031598588
2289.0	0.0203181197654
2290.0	0.0203330773337
2291.0	0.0203480325367
2292.0	0.0203629853477
2293.0	0.0203758490851
2294.0	0.0203907951902
2295.0	0.0204036488072
2296.0	0.0204164965655
2297.0	0.0204293384397
2298.0	0.0204400801569
2299.0	0.0204529086708
2300.0	0.0204636342689
