701.0	0.0226808507273
702.0	0.0225964037573
703.0	0.0225076075657
704.0	0.022416994744
705.0	0.0223246083101
706.0	0.0222304915818
707.0	0.0221322982117
708.0	0.0220301254758
709.0	0.021926426064
710.0	0.0218212451911
711.0	0.0217146281143
712.0	0.0216066200994
713.0	0.021494988582
714.0	0.0213843534985
715.0	0.0212702240815
716.0	0.0211549234398
717.0	0.0210406961613
718.0	0.0209231682837
719.0	0.0208046037719
720.0	0.0206871868233
721.0	0.020566661774
722.0	0.0204473320737
723.0	0.0203271011788
724.0	0.0202060120118
725.0	0.0200841071319
726.0	0.0199634488255
727.0	0.0198420188857
728.0	0.0197198585866
729.0	0.019598969785
730.0	0.0194793342559
731.0	0.0193570888898
732.0	0.0192361373736
733.0	0.0191164608656
734.0	0.0189961757437
735.0	0.0188771662217
736.0	0.0187575860801
737.0	0.018639281384
738.0	0.0185222334265
739.0	0.0184064238473
740.0	0.0182918346251
741.0	0.0181767105833
742.0	0.0180645265505
743.0	0.0179518074875
744.0	0.0178402734256
745.0	0.0177299072297
746.0	0.0176223448888
747.0	0.0175158847463
748.0	0.0174088903238
749.0	0.017304603824
750.0	0.0172013734898
