2751.0	0.0197360985642
2752.0	0.0197468197079
2753.0	0.0197577388294
2754.0	0.0197684384359
2755.0	0.0197793362215
2756.0	0.0197904325577
2757.0	0.0198013091451
2758.0	0.0198121750165
2759.0	0.0198232397456
2760.0	0.019834293964
2761.0	0.0198451277567
2762.0	0.019856160716
2763.0	0.0198671830643
2764.0	0.0198781947679
2765.0	0.0198891957934
2766.0	0.0199003966721
2767.0	0.019911376377
2768.0	0.0199223453029
2769.0	0.0199333034165
2770.0	0.0199442506842
2771.0	0.0199551870724
2772.0	0.0199661125477
2773.0	0.0199770270765
2774.0	0.0199879306253
2775.0	0.0199988231606
2776.0	0.0200094927294
2777.0	0.0200203630026
2778.0	0.0200310099768
2779.0	0.0200416455387
2780.0	0.0200522696551
2781.0	0.0200626697196
2782.0	0.0200732707161
2783.0	0.0200836473378
2784.0	0.020094012126
2785.0	0.0201043650482
2786.0	0.0201144928658
2787.0	0.0201246085041
2788.0	0.0201347119312
2789.0	0.0201448031153
2790.0	0.0201546683326
2791.0	0.0201645210031
2792.0	0.0201741471705
2793.0	0.0201839745357
2794.0	0.0201933609491
2795.0	0.0202029484992
2796.0	0.0202123087369
2797.0	0.0202214413005
2798.0	0.020230560429
2799.0	0.0202396660934
2800.0	0.0202485434621
