1801.0	0.0172256558319
1802.0	0.0173172312757
1803.0	0.0174103591012
1804.0	0.0175050663981
1805.0	0.0176004886413
1806.0	0.017697532285
1807.0	0.0177962261302
1808.0	0.0178965997212
1809.0	0.0179977616976
1810.0	0.0181006494388
1811.0	0.0182043573215
1812.0	0.0183098388142
1813.0	0.0184171265481
1814.0	0.0185252928509
1815.0	0.0186353165631
1816.0	0.0187462545874
1817.0	0.0188581169038
1818.0	0.0189719085818
1819.0	0.0190876661689
1820.0	0.0192034016236
1821.0	0.019321142526
1822.0	0.0194409273175
1823.0	0.0195607148256
1824.0	0.0196825881081
1825.0	0.0198065876253
1826.0	0.0199306167456
1827.0	0.0200557376624
1828.0	0.0201830517582
1829.0	0.020311503242
1830.0	0.0204411054812
1831.0	0.020571872039
1832.0	0.0207038166774
1833.0	0.0208369533615
1834.0	0.0209701450079
1835.0	0.0211056976423
1836.0	0.0212424853365
1837.0	0.0213805229006
1838.0	0.0215186299519
1839.0	0.02165920117
1840.0	0.0217998496289
1841.0	0.0219417860375
1842.0	0.0220850259194
1843.0	0.0222295850316
1844.0	0.0223742140177
1845.0	0.0225201702441
1846.0	0.0226661802428
1847.0	0.0228148269351
1848.0	0.0229635352929
1849.0	0.0231122844452
1850.0	0.0232623923414
