2101.0	0.016894961385
2102.0	0.016993118992
2103.0	0.0170937644455
2104.0	0.0171952555308
2105.0	0.0172976016166
2106.0	0.0174025365824
2107.0	0.0175101160827
2108.0	0.017618641727
2109.0	0.0177281244952
2110.0	0.0178403636925
2111.0	0.0179536154338
2112.0	0.0180697136723
2113.0	0.0181868830987
2114.0	0.0183051367646
2115.0	0.0184263626873
2116.0	0.0185487357803
2117.0	0.0186722703848
2118.0	0.0187989116069
2119.0	0.0189267819379
2120.0	0.0190558971432
2121.0	0.0191882626577
2122.0	0.0193219457306
2123.0	0.0194569637013
2124.0	0.019593334194
2125.0	0.0197331479237
2126.0	0.0198743935733
2127.0	0.0200170905404
2128.0	0.0201612585507
2129.0	0.0203090798326
2130.0	0.0204562734867
2131.0	0.0206072086313
2132.0	0.0207597451979
2133.0	0.0209139056722
2134.0	0.0210697129347
2135.0	0.0212294978228
2136.0	0.0213886943791
2137.0	0.0215519684062
2138.0	0.0217170380311
2139.0	0.0218815165884
2140.0	0.0220502289355
2141.0	0.0222208163515
2142.0	0.0223933064343
2143.0	0.0225677272892
2144.0	0.0227441075403
2145.0	0.0229224763421
2146.0	0.0231028633908
2147.0	0.0232852989371
2148.0	0.0234671396388
2149.0	0.0236537338818
2150.0	0.0238424703442
