2151.0	0.0176675455286
2152.0	0.0177583264954
2153.0	0.0178483103865
2154.0	0.0179403851148
2155.0	0.0180316532345
2156.0	0.0181235670075
2157.0	0.0182161324134
2158.0	0.0183093555008
2159.0	0.0184032423882
2160.0	0.0184962759139
2161.0	0.0185914976161
2162.0	0.0186858556757
2163.0	0.0187808795234
2164.0	0.0188765753085
2165.0	0.0189713686593
2166.0	0.0190668231064
2167.0	0.0191629446831
2168.0	0.0192597394908
2169.0	0.0193572137005
2170.0	0.0194537341878
2171.0	0.0195509225809
2172.0	0.0196487849259
2173.0	0.0197456520903
2174.0	0.0198431812105
2175.0	0.0199413782017
2176.0	0.0200385375672
2177.0	0.0201363523088
2178.0	0.0202348282052
2179.0	0.0203339710979
2180.0	0.0204320263729
2181.0	0.0205289628997
2182.0	0.0206283192152
2183.0	0.0207265432982
2184.0	0.020823603581
2185.0	0.0209212904212
2186.0	0.0210196090975
2187.0	0.0211167181526
2188.0	0.0212144447027
2189.0	0.0213127938698
2190.0	0.0214098867355
2191.0	0.0215075874124
2192.0	0.0216039919585
2193.0	0.021700989167
2194.0	0.0217966501721
2195.0	0.0218928883664
2196.0	0.021987750078
2197.0	0.022083173201
2198.0	0.0221771793938
2199.0	0.0222737258399
2200.0	0.022366831941
