2751.0	0.0196573464778
2752.0	0.0196711790239
2753.0	0.0196852319207
2754.0	0.0196990534042
2755.0	0.0197130955624
2756.0	0.0197273589608
2757.0	0.0197413906337
2758.0	0.0197554169077
2759.0	0.0197696649159
2760.0	0.0197839078555
2761.0	0.0197979181103
2762.0	0.019812150596
2763.0	0.0198263779007
2764.0	0.0198405999866
2765.0	0.0198548168162
2766.0	0.0198692569507
2767.0	0.0198834633581
2768.0	0.0198976643959
2769.0	0.019911860026
2770.0	0.0199260502107
2771.0	0.0199402349121
2772.0	0.0199544140922
2773.0	0.019968587713
2774.0	0.0199827557365
2775.0	0.0199969181246
2776.0	0.0200108442048
2777.0	0.0200249950046
2778.0	0.020038909018
2779.0	0.0200528168415
2780.0	0.0200667184371
2781.0	0.0200803821374
2782.0	0.0200942709643
2783.0	0.0201079214265
2784.0	0.0201215651155
2785.0	0.0201352019934
2786.0	0.0201485994206
2787.0	0.0201619895764
2788.0	0.0201753724232
2789.0	0.0201887479233
2790.0	0.0202018826814
2791.0	0.0202150096419
2792.0	0.0202278950428
2793.0	0.0202410061105
2794.0	0.0202536410899
2795.0	0.0202665016618
2796.0	0.0202791194379
2797.0	0.0202914938508
2798.0	0.0203038591325
2799.0	0.0203162152465
2800.0	0.0203283270255
