2651.0	0.0199270227217
2652.0	0.0199278335753
2653.0	0.0199286293659
2654.0	0.0199298665195
2655.0	0.019930860315
2656.0	0.0199320671591
2657.0	0.0199334869845
2658.0	0.0199351197339
2659.0	0.0199367372388
2660.0	0.019938339497
2661.0	0.0199403826921
2662.0	0.019942182502
2663.0	0.0199444231832
2664.0	0.019946648546
2665.0	0.0199490866592
2666.0	0.0199517375148
2667.0	0.0199543730338
2668.0	0.0199572212944
2669.0	0.0199602823087
2670.0	0.019963327992
2671.0	0.0199665864537
2672.0	0.0199700577255
2673.0	0.0199737418496
2674.0	0.0199774107006
2675.0	0.0199815206686
2676.0	0.0199856154398
2677.0	0.0199896950038
2678.0	0.0199942159285
2679.0	0.0199987217478
2680.0	0.0200034408136
2681.0	0.020008373228
2682.0	0.0200135191034
2683.0	0.0200186500618
2684.0	0.020024223184
2685.0	0.020029781556
2686.0	0.0200355538207
2687.0	0.0200415401305
2688.0	0.0200475118668
2689.0	0.0200539266988
2690.0	0.0200603271761
2691.0	0.0200669422631
2692.0	0.020073772153
2693.0	0.0200808170492
2694.0	0.0200878479487
2695.0	0.0200950941257
2696.0	0.0201025558037
2697.0	0.0201102332166
2698.0	0.0201181266086
2699.0	0.0201262362345
2700.0	0.0201343326022
