2751.0	0.0176991592169
2752.0	0.0177823961467
2753.0	0.0178667978697
2754.0	0.0179511511258
2755.0	0.0180366874691
2756.0	0.0181234248411
2757.0	0.0182101246576
2758.0	0.0182974118065
2759.0	0.0183859288237
2760.0	0.0184750527188
2761.0	0.0185641425838
2762.0	0.0186544921243
2763.0	0.0187454651203
2764.0	0.0188370672368
2765.0	0.0189293042027
2766.0	0.0190228516623
2767.0	0.0191163805994
2768.0	0.0192105620116
2769.0	0.0193054018936
2770.0	0.0194009063091
2771.0	0.0194970813909
2772.0	0.0195939333425
2773.0	0.0196914684391
2774.0	0.0197896930281
2775.0	0.0198886135303
2776.0	0.0199875162595
2777.0	0.0200878428516
2778.0	0.0201881542305
2779.0	0.0202891771511
2780.0	0.0203909182626
2781.0	0.0204926373097
2782.0	0.0205958295475
2783.0	0.0206990023187
2784.0	0.0208029094119
2785.0	0.0209075577129
2786.0	0.0210121793157
2787.0	0.0211175447058
2788.0	0.0212236608497
2789.0	0.021330534795
2790.0	0.0214373757334
2791.0	0.0215449770299
2792.0	0.0216525361219
2793.0	0.0217616736218
2794.0	0.0218699497679
2795.0	0.0219798186574
2796.0	0.0220896382179
2797.0	0.0221993974701
2798.0	0.0223099312051
2799.0	0.0224212466213
2800.0	0.0225324926804
