1951.0	0.0197913517581
1952.0	0.0198105997274
1953.0	0.0198298572031
1954.0	0.0198477191845
1955.0	0.019865587429
1956.0	0.0198820540057
1957.0	0.0198971147333
1958.0	0.0199121761264
1959.0	0.0199258266808
1960.0	0.0199380631113
1961.0	0.0199502958025
1962.0	0.0199611105824
1963.0	0.0199719198676
1964.0	0.0199813080617
1965.0	0.0199906893119
1966.0	0.0199986469019
1967.0	0.0200051793674
1968.0	0.0200131202956
1969.0	0.0200182175632
1970.0	0.0200247232821
1971.0	0.0200298018587
1972.0	0.0200334527512
1973.0	0.0200385122662
1974.0	0.0200407255912
1975.0	0.0200443475386
1976.0	0.0200465416412
1977.0	0.0200487261987
1978.0	0.0200509012137
1979.0	0.0200516490261
1980.0	0.0200523877103
1981.0	0.0200531172716
1982.0	0.0200538377149
1983.0	0.0200531326554
1984.0	0.0200538351606
1985.0	0.0200531128895
1986.0	0.0200523822392
1987.0	0.0200516432167
1988.0	0.0200508958291
1989.0	0.0200501400835
1990.0	0.0200479626365
1991.0	0.0200471906324
1992.0	0.0200464102921
1993.0	0.0200456216225
1994.0	0.0200448246308
1995.0	0.0200426083111
1996.0	0.0200417951356
1997.0	0.0200409736597
1998.0	0.0200401438906
1999.0	0.0200393058352
2000.0	0.0200384595007
