501.0	0.0206586879944
502.0	0.0205747944208
503.0	0.0204949154802
504.0	0.0204189755059
505.0	0.0203469027575
506.0	0.0202786292751
507.0	0.0202124416062
508.0	0.0201499464003
509.0	0.0200927159271
510.0	0.0200390471459
511.0	0.0199872738227
512.0	0.0199405859308
513.0	0.0198957145437
514.0	0.0198542316987
515.0	0.0198176853719
516.0	0.0197844382653
517.0	0.0197544566439
518.0	0.0197261363566
519.0	0.0197025991853
520.0	0.0196838060535
521.0	0.019668161637
522.0	0.0196556458196
523.0	0.0196462408214
524.0	0.0196399311629
525.0	0.0196367036326
526.0	0.0196380976597
527.0	0.0196441016592
528.0	0.019651610303
529.0	0.0196637199087
530.0	0.0196773314289
531.0	0.0196955449919
532.0	0.0197183669205
533.0	0.0197442555197
534.0	0.0197716657591
535.0	0.0198037164328
536.0	0.0198404284836
537.0	0.0198787017592
538.0	0.0199216779616
539.0	0.019969389639
540.0	0.0200187240675
541.0	0.0200712740524
542.0	0.0201286531428
543.0	0.020189318574
544.0	0.0202517081457
545.0	0.0203206491652
546.0	0.0203913909247
547.0	0.0204655723327
548.0	0.0205448635888
549.0	0.0206260695602
550.0	0.02071250056
