1001.0	0.019393252961
1002.0	0.0194822435529
1003.0	0.0195679912648
1004.0	0.0196504309898
1005.0	0.0197257019992
1006.0	0.0197975030298
1007.0	0.019865779213
1008.0	0.0199304783832
1009.0	0.0199915511694
1010.0	0.0200450701755
1011.0	0.0200987400203
1012.0	0.0201447480387
1013.0	0.0201869410708
1014.0	0.0202252882735
1015.0	0.0202597620813
1016.0	0.020286398728
1017.0	0.020313050567
1018.0	0.020335767572
1019.0	0.0203505832959
1020.0	0.0203614359617
1021.0	0.0203722756125
1022.0	0.0203751935726
1023.0	0.0203780982873
1024.0	0.0203730900468
1025.0	0.0203680775629
1026.0	0.0203551792309
1027.0	0.0203422947705
1028.0	0.0203254963622
1029.0	0.0203048042886
1030.0	0.0202802421247
1031.0	0.0202518366879
1032.0	0.0202235075737
1033.0	0.0201913749135
1034.0	0.0201554717094
1035.0	0.0201158340095
1036.0	0.0200725008351
1037.0	0.0200293385685
1038.0	0.0199825359242
1039.0	0.0199359314853
1040.0	0.0198857450265
1041.0	0.0198320234873
1042.0	0.019778560276
1043.0	0.0197216266683
1044.0	0.0196612743989
1045.0	0.0196049353015
1046.0	0.0195415388457
1047.0	0.0194784994511
1048.0	0.0194158143121
1049.0	0.0193498689347
1050.0	0.0192843113841
