1051.0	0.0218700548749
1052.0	0.0217921086515
1053.0	0.0217146419217
1054.0	0.0216336030768
1055.0	0.02155308342
1056.0	0.0214730783417
1057.0	0.0213896097047
1058.0	0.0213066953843
1059.0	0.0212243302875
1060.0	0.0211425093812
1061.0	0.0210612276904
1062.0	0.0209766303385
1063.0	0.020896436242
1064.0	0.020812965159
1065.0	0.0207300616524
1066.0	0.020651473093
1067.0	0.0205659361033
1068.0	0.0204884084602
1069.0	0.0204076989773
1070.0	0.0203275312485
1071.0	0.0202479002477
1072.0	0.0201688010079
1073.0	0.0200902286205
1074.0	0.0200157456496
1075.0	0.0199381901079
1076.0	0.019864671059
1077.0	0.0197881141873
1078.0	0.0197155418477
1079.0	0.0196468874067
1080.0	0.0195752039247
1081.0	0.0195073906304
1082.0	0.0194399828991
1083.0	0.0193729773624
1084.0	0.019306370687
1085.0	0.0192435054676
1086.0	0.0191809960395
1087.0	0.0191188395988
1088.0	0.0190603270565
1089.0	0.0190021279741
1090.0	0.0189475014986
1091.0	0.0188931519594
1092.0	0.0188390773902
1093.0	0.0187884919462
1094.0	0.0187381480116
1095.0	0.0186912322165
1096.0	0.0186445271125
1097.0	0.0186011937217
1098.0	0.0185580426986
1099.0	0.0185182113182
1100.0	0.0184785363436
