1051.0	0.0218636730546
1052.0	0.0217859599404
1053.0	0.021708722408
1054.0	0.0216279718474
1055.0	0.0215477357986
1056.0	0.0214680097179
1057.0	0.0213848770987
1058.0	0.0213022934042
1059.0	0.0212202536193
1060.0	0.0211387527875
1061.0	0.0210577860092
1062.0	0.0209735577068
1063.0	0.0208936679744
1064.0	0.0208105546233
1065.0	0.020728003078
1066.0	0.0206497034179
1067.0	0.0205645644777
1068.0	0.0204873155196
1069.0	0.0204069361967
1070.0	0.0203270932628
1071.0	0.0202477817701
1072.0	0.0201689968289
1073.0	0.0200907336062
1074.0	0.0200165008476
1075.0	0.0199392448427
1076.0	0.0198659673209
1077.0	0.0197897006288
1078.0	0.0197173613803
1079.0	0.0196488841273
1080.0	0.0195774262784
1081.0	0.0195097835264
1082.0	0.0194425432519
1083.0	0.0193757021286
1084.0	0.0193092568652
1085.0	0.0192465001334
1086.0	0.0191840968905
1087.0	0.0191220443637
1088.0	0.0190635843845
1089.0	0.0190054362053
1090.0	0.0189508103836
1091.0	0.0188964603745
1092.0	0.0188423842278
1093.0	0.0187917481719
1094.0	0.0187413529801
1095.0	0.0186943377319
1096.0	0.0186475329267
1097.0	0.01860405236
1098.0	0.0185607542493
1099.0	0.0185207289156
1100.0	0.0184808603546
