2701.0	0.0197368147619
2702.0	0.0197451726903
2703.0	0.0197537433758
2704.0	0.0197623015711
2705.0	0.0197712985387
2706.0	0.0197802833991
2707.0	0.0197894819996
2708.0	0.0197986686678
2709.0	0.0198082955973
2710.0	0.0198179110169
2711.0	0.0198277412604
2712.0	0.0198377866791
2713.0	0.0198478210086
2714.0	0.0198580709758
2715.0	0.0198685369523
2716.0	0.0198792193206
2717.0	0.0198898912939
2718.0	0.019900780162
2719.0	0.0199116588589
2720.0	0.0199229825841
2721.0	0.0199342966683
2722.0	0.0199456010793
2723.0	0.0199573519425
2724.0	0.0199688654499
2725.0	0.0199808262888
2726.0	0.019992778268
2727.0	0.0200049500833
2728.0	0.0200171133009
2729.0	0.0200294969534
2730.0	0.020041872277
2731.0	0.020054468648
2732.0	0.020067286554
2733.0	0.0200800967228
2734.0	0.0200928991193
2735.0	0.0201061539638
2736.0	0.0201191713756
2737.0	0.0201324117639
2738.0	0.0201456449626
2739.0	0.0201591018065
2740.0	0.0201727828262
2741.0	0.0201862260465
2742.0	0.0201998937509
2743.0	0.0202137864807
2744.0	0.0202276729462
2745.0	0.02024155311
2746.0	0.02025565917
2747.0	0.0202695268152
2748.0	0.0202838533135
2749.0	0.0202979413217
2750.0	0.0203122562769
