1501.0	0.015364857764
1502.0	0.0155078607934
1503.0	0.0156532447724
1504.0	0.0158015456
1505.0	0.0159523489967
1506.0	0.0161057117891
1507.0	0.0162621957995
1508.0	0.0164208617013
1509.0	0.0165827856864
1510.0	0.0167470031077
1511.0	0.0169146234394
1512.0	0.0170851968247
1513.0	0.0172582441849
1514.0	0.0174343705114
1515.0	0.0176136497046
1516.0	0.0177955834041
1517.0	0.0179802236998
1518.0	0.0181682161949
1519.0	0.0183590416234
1520.0	0.018553367344
1521.0	0.0187500393693
1522.0	0.0189503486483
1523.0	0.0191537459844
1524.0	0.0193596443276
1525.0	0.0195693984192
1526.0	0.0197817635251
1527.0	0.0199981392039
1528.0	0.0202172418596
1529.0	0.0204391094731
1530.0	0.0206644961543
1531.0	0.0208934759602
1532.0	0.0211246465379
1533.0	0.021360266919
1534.0	0.021598161794
1535.0	0.0218398893463
1536.0	0.0220839533829
1537.0	0.0223319637381
1538.0	0.0225831896753
1539.0	0.0228376773647
1540.0	0.0230946309419
1541.0	0.0233557694041
1542.0	0.0236194410581
1543.0	0.0238865368855
1544.0	0.0241571058552
1545.0	0.0244302822629
1546.0	0.0247070013163
1547.0	0.0249863671403
1548.0	0.0252683834015
1549.0	0.0255540309121
1550.0	0.0258423661969
