1101.0	0.0200623984673
1102.0	0.020022714668
1103.0	0.0199864976662
1104.0	0.0199504022384
1105.0	0.0199177303295
1106.0	0.0198884525976
1107.0	0.0198592565484
1108.0	0.0198334189919
1109.0	0.0198109160183
1110.0	0.0197917263074
1111.0	0.0197725726142
1112.0	0.0197534548374
1113.0	0.0197376189927
1114.0	0.0197250489164
1115.0	0.0197157309149
1116.0	0.0197064188723
1117.0	0.0197003439175
1118.0	0.0196974972363
1119.0	0.0196978724134
1120.0	0.0196982383425
1121.0	0.0197018207702
1122.0	0.0197053920817
1123.0	0.0197154038758
1124.0	0.0197254055024
1125.0	0.0197386259835
1126.0	0.0197550707498
1127.0	0.0197715125935
1128.0	0.0197911891216
1129.0	0.0198141105151
1130.0	0.0198402893504
1131.0	0.0198664880326
1132.0	0.0198992225464
1133.0	0.0199320001757
1134.0	0.0199680934132
1135.0	0.0200042439819
1136.0	0.0200470290852
1137.0	0.0200866068503
1138.0	0.0201328716879
1139.0	0.0201825648127
1140.0	0.0202357190507
1141.0	0.0202890277709
1142.0	0.0203458454542
1143.0	0.020402843174
1144.0	0.0204667826267
1145.0	0.0205309579013
1146.0	0.0205987807891
1147.0	0.0206668717216
1148.0	0.020742117883
1149.0	0.0208177006568
1150.0	0.0208971009513
