1901.0	0.0184527381741
1902.0	0.0185340855308
1903.0	0.0186146680872
1904.0	0.0186944660734
1905.0	0.0187721916877
1906.0	0.018850353834
1907.0	0.0189263894406
1908.0	0.0190015473022
1909.0	0.0190758082318
1910.0	0.0191491531513
1911.0	0.0192215631023
1912.0	0.0192930192557
1913.0	0.0193621773729
1914.0	0.0194303310144
1915.0	0.0194988008569
1916.0	0.0195648979169
1917.0	0.01962993668
1918.0	0.0196938996262
1919.0	0.0197567694468
1920.0	0.0198171590123
1921.0	0.0198777856202
1922.0	0.0199358870062
1923.0	0.019994204415
1924.0	0.0200499531128
1925.0	0.0201044992878
1926.0	0.0201592310954
1927.0	0.0202113320715
1928.0	0.0202621857747
1929.0	0.0203117779512
1930.0	0.0203600946735
1931.0	0.0204071223498
1932.0	0.0204528477318
1933.0	0.0204972579239
1934.0	0.0205403403912
1935.0	0.0205820829672
1936.0	0.0206239222405
1937.0	0.0206629537874
1938.0	0.0207006110906
1939.0	0.0207383428514
1940.0	0.0207732235283
1941.0	0.0208066991874
1942.0	0.0208402293972
1943.0	0.0208723421305
1944.0	0.0209030284106
1945.0	0.0209322796927
1946.0	0.0209600878693
1947.0	0.0209879279621
1948.0	0.0210128296391
1949.0	0.0210377536148
1950.0	0.0210612104283
