1801.0	0.0166830737402
1802.0	0.0167893913883
1803.0	0.0168976448481
1804.0	0.0170078731691
1805.0	0.0171191186406
1806.0	0.017232401055
1807.0	0.0173477622574
1808.0	0.0174652452918
1809.0	0.0175838568134
1810.0	0.0177046590762
1811.0	0.0178266396665
1812.0	0.0179508830511
1813.0	0.0180774374365
1814.0	0.018205260835
1815.0	0.0183354729804
1816.0	0.0184670110745
1817.0	0.0185998929446
1818.0	0.0187352749835
1819.0	0.0188732121387
1820.0	0.0190114349119
1821.0	0.0191522767617
1822.0	0.0192957960073
1823.0	0.0194396495877
1824.0	0.0195862489723
1825.0	0.0197356561154
1826.0	0.0198854506226
1827.0	0.0200368701886
1828.0	0.020191208121
1829.0	0.0203472468088
1830.0	0.0205050110298
1831.0	0.0206645260122
1832.0	0.0208258174451
1833.0	0.0209889114882
1834.0	0.0211524751101
1835.0	0.0213192390508
1836.0	0.0214878867718
1837.0	0.0216584464175
1838.0	0.0218295227355
1839.0	0.0220039760633
1840.0	0.022178971233
1841.0	0.0223559617068
1842.0	0.0225349775797
1843.0	0.0227160495137
1844.0	0.0228976815365
1845.0	0.0230813965451
1846.0	0.023265662813
1847.0	0.023453620647
1848.0	0.0236421572345
1849.0	0.0238312491072
1850.0	0.0240225104708
