1151.0	0.0171663460384
1152.0	0.0172394757098
1153.0	0.0173130030362
1154.0	0.0173898889981
1155.0	0.0174672143836
1156.0	0.0175479784638
1157.0	0.0176352601981
1158.0	0.0177200734545
1159.0	0.0178084783369
1160.0	0.0179005440617
1161.0	0.0179932385658
1162.0	0.0180928236725
1163.0	0.01819314428
1164.0	0.0182942074592
1165.0	0.0183992245663
1166.0	0.018508281734
1167.0	0.0186182097446
1168.0	0.0187323050387
1169.0	0.0188473463775
1170.0	0.0189666903996
1171.0	0.0190904388749
1172.0	0.019215288147
1173.0	0.019344693543
1174.0	0.0194752914779
1175.0	0.0196106070893
1176.0	0.0197472137453
1177.0	0.0198887102296
1178.0	0.0200316035815
1179.0	0.0201795702961
1180.0	0.0203290476273
1181.0	0.0204800558078
1182.0	0.0206363939466
1183.0	0.0207982085353
1184.0	0.0209617871336
1185.0	0.021127155006
1186.0	0.0212982929565
1187.0	0.0214713641911
1188.0	0.0216463974246
1189.0	0.0218275201357
1190.0	0.0220107626483
1191.0	0.022200357755
1192.0	0.0223879900029
1193.0	0.0225821480387
1194.0	0.0227830299293
1195.0	0.0229820067613
1196.0	0.0231878978546
1197.0	0.0233963843603
1198.0	0.0236075093922
1199.0	0.0238259711629
1200.0	0.0240425678262
