2401.0	0.01910993918
2402.0	0.0191401502936
2403.0	0.0191710089034
2404.0	0.0192023184122
2405.0	0.0192340815947
2406.0	0.0192658981516
2407.0	0.0192981722119
2408.0	0.0193313116565
2409.0	0.0193645103831
2410.0	0.0193977685002
2411.0	0.0194319019225
2412.0	0.019466303327
2413.0	0.019501179303
2414.0	0.0195363275517
2415.0	0.0195719557436
2416.0	0.0196076541047
2417.0	0.0196440439186
2418.0	0.019680507374
2419.0	0.019717460878
2420.0	0.0197546991812
2421.0	0.0197926425554
2422.0	0.019830666832
2423.0	0.0198691929144
2424.0	0.019908013482
2425.0	0.0199469189554
2426.0	0.0199863337182
2427.0	0.0200260488118
2428.0	0.0200658529577
2429.0	0.0201063879842
2430.0	0.0201470161144
2431.0	0.0201881677665
2432.0	0.0202289840584
2433.0	0.0202707594572
2434.0	0.0203124169569
2435.0	0.020354607669
2436.0	0.0203971174473
2437.0	0.0204395107846
2438.0	0.0204824445209
2439.0	0.0205257026742
2440.0	0.0205690666991
2441.0	0.0206127583529
2442.0	0.020656335689
2443.0	0.0207004653633
2444.0	0.020744704791
2445.0	0.020789502539
2446.0	0.0208339637834
2447.0	0.0208789867101
2448.0	0.0209241234107
2449.0	0.02096914737
2450.0	0.0210149670397
