551.0	0.0168769905049
552.0	0.0169531201096
553.0	0.0170323108586
554.0	0.0171132496136
555.0	0.0171987113535
556.0	0.017286013859
557.0	0.0173765806166
558.0	0.0174704731676
559.0	0.0175677560336
560.0	0.0176684968227
561.0	0.0177713310709
562.0	0.0178777447564
563.0	0.0179878140572
564.0	0.0181016186826
565.0	0.018216273362
566.0	0.0183362778865
567.0	0.0184602505015
568.0	0.018585233679
569.0	0.0187143175419
570.0	0.0188476011294
571.0	0.0189836172787
572.0	0.0191255993092
573.0	0.0192672950182
574.0	0.0194135297717
575.0	0.019566058988
576.0	0.0197184374775
577.0	0.0198756509738
578.0	0.0200361371892
579.0	0.0202016860117
580.0	0.0203689734017
581.0	0.0205397751665
582.0	0.0207141771058
583.0	0.020892267897
584.0	0.0210741392086
585.0	0.0212598858191
586.0	0.0214477437847
587.0	0.0216396293195
588.0	0.0218375548927
589.0	0.0220358987597
590.0	0.0222404995604
591.0	0.0224455918452
592.0	0.0226551582478
593.0	0.0228693169075
594.0	0.0230861248556
595.0	0.0233077177076
596.0	0.0235299809665
597.0	0.0237571744954
598.0	0.0239872518528
599.0	0.024222470682
600.0	0.024458489899
