1101.0	0.0200438757362
1102.0	0.0200044574018
1103.0	0.0199685477276
1104.0	0.0199327587861
1105.0	0.0199004349709
1106.0	0.0198715468148
1107.0	0.0198427393391
1108.0	0.0198173317619
1109.0	0.0197953001794
1110.0	0.0197766233422
1111.0	0.0197579816039
1112.0	0.0197393748656
1113.0	0.0197240917693
1114.0	0.0197121163487
1115.0	0.0197034351713
1116.0	0.0196947594978
1117.0	0.0196893635133
1118.0	0.0196872387913
1119.0	0.019688379369
1120.0	0.0196895110832
1121.0	0.0196939034258
1122.0	0.0196982854014
1123.0	0.0197091969448
1124.0	0.0197200999348
1125.0	0.0197342680732
1126.0	0.0197517075766
1127.0	0.0197691468207
1128.0	0.0197898689728
1129.0	0.0198138851439
1130.0	0.0198412089137
1131.0	0.0198685571403
1132.0	0.0199025398113
1133.0	0.0199365717634
1134.0	0.0199739733566
1135.0	0.0200114393341
1136.0	0.0200556444328
1137.0	0.020096601903
1138.0	0.0201443539559
1139.0	0.0201955946396
1140.0	0.0202503584742
1141.0	0.020305289165
1142.0	0.0203637933092
1143.0	0.0204224912186
1144.0	0.0204882512865
1145.0	0.0205542636835
1146.0	0.0206239950238
1147.0	0.0206940125771
1148.0	0.0207713160105
1149.0	0.0208489775497
1150.0	0.020930536084
