2551.0	0.0185390965104
2552.0	0.0186061828025
2553.0	0.0186731093195
2554.0	0.0187393736866
2555.0	0.0188054620736
2556.0	0.0188708670243
2557.0	0.0189355754143
2558.0	0.0190000809994
2559.0	0.0190643781562
2560.0	0.0191274377437
2561.0	0.0191907819904
2562.0	0.0192528627701
2563.0	0.0193152169197
2564.0	0.019376803241
2565.0	0.0194376089346
2566.0	0.019498147352
2567.0	0.0195578844588
2568.0	0.019617338356
2569.0	0.0196765034146
2570.0	0.0197348387394
2571.0	0.0197928694231
2572.0	0.0198505898623
2573.0	0.0199074524696
2574.0	0.0199639892004
2575.0	0.0200201944932
2576.0	0.0200755142488
2577.0	0.0201304871452
2578.0	0.0201856605066
2579.0	0.020239370359
2580.0	0.0202932697042
2581.0	0.0203468002477
2582.0	0.020399395318
2583.0	0.020452169845
2584.0	0.0205039939511
2585.0	0.020555423495
2586.0	0.0206064531364
2587.0	0.0206576488897
2588.0	0.0207078647653
2589.0	0.0207576648341
2590.0	0.0208076210795
2591.0	0.0208565757415
2592.0	0.0209056800064
2593.0	0.0209537684146
2594.0	0.021001999898
2595.0	0.021050375002
2596.0	0.0210977168725
2597.0	0.0211446053258
2598.0	0.0211916276693
2599.0	0.0212387843916
2600.0	0.0212848837969
