2101.0	0.0178095366377
2102.0	0.0178820022232
2103.0	0.0179562174976
2104.0	0.0180308518328
2105.0	0.0181059083071
2106.0	0.0181827642133
2107.0	0.0182614480185
2108.0	0.0183405974717
2109.0	0.0184202161633
2110.0	0.0185017168831
2111.0	0.0185837120473
2112.0	0.0186676330536
2113.0	0.0187520749135
2114.0	0.0188370418456
2115.0	0.0189239940691
2116.0	0.0190114992873
2117.0	0.0190995620932
2118.0	0.0191896727999
2119.0	0.0192803706326
2120.0	0.0193716605909
2121.0	0.0194650644217
2122.0	0.019559091643
2123.0	0.0196537476961
2124.0	0.0197490380811
2125.0	0.0198465283843
2126.0	0.0199446864502
2127.0	0.0200435182648
2128.0	0.0201430298807
2129.0	0.0202448331311
2130.0	0.0203457344181
2131.0	0.0204489634759
2132.0	0.0205529212528
2133.0	0.0206576144867
2134.0	0.0207630499929
2135.0	0.0208709130728
2136.0	0.0209778664063
2137.0	0.0210872868308
2138.0	0.0211975034438
2139.0	0.0213067939881
2140.0	0.021418612622
2141.0	0.0215312503683
2142.0	0.0216447150936
2143.0	0.0217590147583
2144.0	0.0218741574182
2145.0	0.0219901512258
2146.0	0.0221070044317
2147.0	0.0222247253856
2148.0	0.0223414690571
2149.0	0.0224609365099
2150.0	0.0225812972271
