2651.0	0.0199812007593
2652.0	0.0199799778435
2653.0	0.0199787401627
2654.0	0.0199779117392
2655.0	0.0199768563814
2656.0	0.0199759980607
2657.0	0.0199753366221
2658.0	0.0199748719196
2659.0	0.0199743920585
2660.0	0.0199738970432
2661.0	0.0199738102057
2662.0	0.0199734964203
2663.0	0.0199735905623
2664.0	0.0199736693071
2665.0	0.0199739441661
2666.0	0.0199744150354
2667.0	0.0199748703727
2668.0	0.0199755215942
2669.0	0.019976368613
2670.0	0.0199771999853
2671.0	0.0199782270505
2672.0	0.0199794497383
2673.0	0.0199808679873
2674.0	0.0199822704571
2675.0	0.0199840796898
2676.0	0.0199858730826
2677.0	0.0199876506325
2678.0	0.0199898348263
2679.0	0.0199920031378
2680.0	0.0199943668024
2681.0	0.0199969258092
2682.0	0.0199996801563
2683.0	0.0200024185977
2684.0	0.0200055636428
2685.0	0.0200086927975
2686.0	0.020012017337
2687.0	0.0200155372932
2688.0	0.0200190413874
2689.0	0.0200229522837
2690.0	0.0200268473765
2691.0	0.0200309380414
2692.0	0.0200352243439
2693.0	0.0200397063581
2694.0	0.0200441726857
2695.0	0.0200488348266
2696.0	0.0200536928713
2697.0	0.0200587469193
2698.0	0.0200639970783
2699.0	0.0200694434648
2700.0	0.0200748744724
