2851.0	0.0200601434773
2852.0	0.0200603808876
2853.0	0.0200606017005
2854.0	0.0200605938123
2855.0	0.0200603573369
2856.0	0.0200601044197
2857.0	0.0200596230853
2858.0	0.0200589134714
2859.0	0.0200579757276
2860.0	0.0200568100149
2861.0	0.0200556282691
2862.0	0.0200540070846
2863.0	0.0200525817585
2864.0	0.0200507173744
2865.0	0.0200486258439
2866.0	0.0200465188205
2867.0	0.0200441849489
2868.0	0.0200416244601
2869.0	0.020039048802
2870.0	0.020036035732
2871.0	0.0200330078384
2872.0	0.0200297541807
2873.0	0.0200264858958
2874.0	0.020022992224
2875.0	0.0200190627803
2876.0	0.0200153298839
2877.0	0.0200111618254
2878.0	0.0200069799692
2879.0	0.0200025740629
2880.0	0.0199981545968
2881.0	0.0199933014874
2882.0	0.0199884352875
2883.0	0.0199833461952
2884.0	0.0199782442746
2885.0	0.0199729199612
2886.0	0.0199673736322
2887.0	0.0199618150065
2888.0	0.0199560348948
2889.0	0.0199500336961
2890.0	0.0199440207628
2891.0	0.0199377873014
2892.0	0.0199313337328
2893.0	0.0199248690215
2894.0	0.0199181847909
2895.0	0.0199114897342
2896.0	0.0199045757606
2897.0	0.0198974433229
2898.0	0.0198903006953
2899.0	0.0198829402344
2900.0	0.0198755699226
