1251.0	0.0165771282999
1252.0	0.0167308913928
1253.0	0.0168858314732
1254.0	0.0170402437064
1255.0	0.0171940603882
1256.0	0.0173472127911
1257.0	0.0175014040645
1258.0	0.0176548357534
1259.0	0.0178092546021
1260.0	0.017960973877
1261.0	0.0181135797353
1262.0	0.0182647078494
1263.0	0.0184152207783
1264.0	0.0185640939515
1265.0	0.0187131882232
1266.0	0.0188614889351
1267.0	0.0190079358469
1268.0	0.0191539500418
1269.0	0.0192979539236
1270.0	0.0194408847645
1271.0	0.0195826799608
1272.0	0.0197222222975
1273.0	0.0198610137394
1274.0	0.0199973936101
1275.0	0.0201323527941
1276.0	0.0202647314966
1277.0	0.0203955420321
1278.0	0.0205247212075
1279.0	0.0206510794241
1280.0	0.0207756606235
1281.0	0.0208978295552
1282.0	0.0210175100166
1283.0	0.0211346266802
1284.0	0.021249105194
1285.0	0.021361463425
1286.0	0.021471046755
1287.0	0.0215777840335
1288.0	0.0216810016968
1289.0	0.0217818349929
1290.0	0.0218802291031
1291.0	0.0219748994277
1292.0	0.0220670093625
1293.0	0.0221558854005
1294.0	0.0222414675806
1295.0	0.0223236979605
1296.0	0.0224031529107
1297.0	0.0224791525047
1298.0	0.022551644937
1299.0	0.0226212214642
1300.0	0.0226871994151
