2301.0	0.0197814241183
2302.0	0.0197917699091
2303.0	0.0198021072611
2304.0	0.0198124361528
2305.0	0.019822756563
2306.0	0.0198310359071
2307.0	0.019841338147
2308.0	0.019849597307
2309.0	0.0198598812967
2310.0	0.0198681201987
2311.0	0.0198763485318
2312.0	0.0198866044285
2313.0	0.0198948123944
2314.0	0.0199030097392
2315.0	0.0199111964462
2316.0	0.0199193724985
2317.0	0.0199275378794
2318.0	0.019935692572
2319.0	0.0199438365597
2320.0	0.019949925153
2321.0	0.0199580468726
2322.0	0.0199661578387
2323.0	0.0199742580347
2324.0	0.0199823474439
2325.0	0.0199904260496
2326.0	0.0199984938353
2327.0	0.0200065507842
2328.0	0.0200145968799
2329.0	0.0200226321056
2330.0	0.0200327091233
2331.0	0.020040723351
2332.0	0.0200487266574
2333.0	0.0200587743895
2334.0	0.0200667565904
2335.0	0.0200767850698
2336.0	0.0200847460926
2337.0	0.0200947552405
2338.0	0.0201047552415
2339.0	0.0201126847505
2340.0	0.0201247277182
2341.0	0.0201326366417
2342.0	0.0201446633541
2343.0	0.020154617304
2344.0	0.0201645619805
2345.0	0.020176565546
2346.0	0.0201885622851
2347.0	0.0201984811832
2348.0	0.0202104627935
2349.0	0.0202245112965
2350.0	0.0202364804825
