651.0	0.018645880559
652.0	0.0187595646963
653.0	0.0188698933893
654.0	0.0189788887793
655.0	0.0190843754614
656.0	0.019184115688
657.0	0.0192844637941
658.0	0.0193810697556
659.0	0.0194716591365
660.0	0.0195605197095
661.0	0.0196453974882
662.0	0.0197262187593
663.0	0.0198051535778
664.0	0.0198776658742
665.0	0.019948183065
666.0	0.0200144043356
667.0	0.0200762731142
668.0	0.0201337370239
669.0	0.0201867479879
670.0	0.0202375641417
671.0	0.020281548445
672.0	0.0203232745168
673.0	0.0203580905525
674.0	0.0203906002769
675.0	0.0204184677048
676.0	0.0204440013513
677.0	0.0204625357466
678.0	0.0204787159777
679.0	0.0204878796166
680.0	0.0204946847539
681.0	0.02049680556
682.0	0.0204942502156
683.0	0.0204870316549
684.0	0.0204774863122
685.0	0.0204633091198
686.0	0.0204445246709
687.0	0.0204211621187
688.0	0.0203955532809
689.0	0.0203631326905
690.0	0.0203308147519
691.0	0.0202917695519
692.0	0.0202506041726
693.0	0.0202050850741
694.0	0.0201552666004
695.0	0.0201012069202
696.0	0.0200474209117
697.0	0.019987259096
698.0	0.0199252292379
699.0	0.0198591729766
700.0	0.0197913398045
