1151.0	0.0172288594981
1152.0	0.017300470929
1153.0	0.0173724595541
1154.0	0.0174477515477
1155.0	0.0175234606817
1156.0	0.0176025499832
1157.0	0.0176880592115
1158.0	0.0177711098988
1159.0	0.0178576875097
1160.0	0.0179478585022
1161.0	0.0180386279002
1162.0	0.0181361753855
1163.0	0.0182344235718
1164.0	0.0183333790016
1165.0	0.0184362088115
1166.0	0.0185429956275
1167.0	0.0186506122873
1168.0	0.0187623077633
1169.0	0.0188749047729
1170.0	0.0189917101675
1171.0	0.0191128214613
1172.0	0.0192349819779
1173.0	0.0193615934069
1174.0	0.0194893413652
1175.0	0.0196216945979
1176.0	0.0197552780325
1177.0	0.0198936311193
1178.0	0.0200333149603
1179.0	0.0201779435749
1180.0	0.0203240109393
1181.0	0.0204715358144
1182.0	0.020624249803
1183.0	0.0207822927301
1184.0	0.0209420146792
1185.0	0.0211034390664
1186.0	0.0212704715331
1187.0	0.021439342747
1188.0	0.021610079301
1189.0	0.0217867271794
1190.0	0.0219653895535
1191.0	0.022150213072
1192.0	0.0223330449391
1193.0	0.0225222014154
1194.0	0.0227178706911
1195.0	0.0229116000458
1196.0	0.0231120216374
1197.0	0.0233149041579
1198.0	0.0235202873988
1199.0	0.0237327620722
1200.0	0.0239433281226
