1401.0	0.0197863860452
1402.0	0.0197655039357
1403.0	0.0197446645301
1404.0	0.0197268778738
1405.0	0.0197101245463
1406.0	0.019695900134
1407.0	0.0196841937901
1408.0	0.0196710042271
1409.0	0.0196628154404
1410.0	0.0196556283666
1411.0	0.0196484452173
1412.0	0.0196442487918
1413.0	0.0196430330578
1414.0	0.019642309969
1415.0	0.0196440653988
1416.0	0.019646807885
1417.0	0.0196525233614
1418.0	0.0196607158096
1419.0	0.0196693994523
1420.0	0.0196815576213
1421.0	0.0196937134492
1422.0	0.0197088539082
1423.0	0.0197269861759
1424.0	0.0197456245944
1425.0	0.0197672683941
1426.0	0.0197914288795
1427.0	0.0198166138188
1428.0	0.0198443337459
1429.0	0.0198751048046
1430.0	0.0199069288026
1431.0	0.0199413273152
1432.0	0.0199788237935
1433.0	0.0200169024345
1434.0	0.0200581121829
1435.0	0.0201019678076
1436.0	0.0201469557525
1437.0	0.0201966816033
1438.0	0.0202475829803
1439.0	0.0202991536968
1440.0	0.0203539957553
1441.0	0.0204116231302
1442.0	0.0204725905221
1443.0	0.0205364120928
1444.0	0.0206015389361
1445.0	0.0206695775805
1446.0	0.0207384342003
1447.0	0.0208129374948
1448.0	0.0208883242801
1449.0	0.0209673106579
1450.0	0.0210466857566
