2901.0	0.0188872695733
2902.0	0.0189361966155
2903.0	0.0189852910696
2904.0	0.0190345536708
2905.0	0.0190831108051
2906.0	0.0191309536169
2907.0	0.0191789539341
2908.0	0.0192271124205
2909.0	0.0192745428109
2910.0	0.0193212363753
2911.0	0.0193680775183
2912.0	0.0194141707097
2913.0	0.019460406513
2914.0	0.0195067854905
2915.0	0.0195524029595
2916.0	0.0195981586244
2917.0	0.0196431417737
2918.0	0.0196882581533
2919.0	0.0197335082641
2920.0	0.0197779724401
2921.0	0.0198225653798
2922.0	0.019866361528
2923.0	0.0199102814943
2924.0	0.0199543257212
2925.0	0.0199975599165
2926.0	0.0200409134349
2927.0	0.0200843866915
2928.0	0.0201270367575
2929.0	0.0201698016375
2930.0	0.02021268172
2931.0	0.0202547255456
2932.0	0.020297834328
2933.0	0.0203391444499
2934.0	0.0203815202554
2935.0	0.0204240074502
2936.0	0.0204656404688
2937.0	0.0205073799604
2938.0	0.0205482548087
2939.0	0.0205902054579
2940.0	0.0206312865768
2941.0	0.0206724699377
2942.0	0.0207137558575
2943.0	0.0207551446542
2944.0	0.0207956486017
2945.0	0.0208372413137
2946.0	0.0208779442756
2947.0	0.0209187458279
2948.0	0.0209596462668
2949.0	0.0210006458897
2950.0	0.0210407404536
