1451.0	0.0172472586143
1452.0	0.0173176447097
1453.0	0.0173911204496
1454.0	0.0174654641182
1455.0	0.0175429743795
1456.0	0.017622785453
1457.0	0.0177058639024
1458.0	0.0177899359946
1459.0	0.0178773654326
1460.0	0.0179658493687
1461.0	0.0180568331861
1462.0	0.0181513243797
1463.0	0.0182493936663
1464.0	0.0183481876213
1465.0	0.0184506636447
1466.0	0.0185539252899
1467.0	0.0186609793796
1468.0	0.0187714047863
1469.0	0.0188832409976
1470.0	0.0190006147187
1471.0	0.0191174476855
1472.0	0.0192378879585
1473.0	0.0193625455709
1474.0	0.0194904573331
1475.0	0.01962008551
1476.0	0.019753630855
1477.0	0.0198889959102
1478.0	0.0200273203805
1479.0	0.0201697899882
1480.0	0.0203148131299
1481.0	0.0204630153887
1482.0	0.0206144710333
1483.0	0.020769256828
1484.0	0.0209274521294
1485.0	0.0210891389875
1486.0	0.0212537985287
1487.0	0.0214221082493
1488.0	0.0215935405411
1489.0	0.0217687919227
1490.0	0.0219479584197
1491.0	0.0221298586778
1492.0	0.0223158447195
1493.0	0.0225053655129
1494.0	0.0226985052322
1495.0	0.0228960236572
1496.0	0.0230966730454
1497.0	0.0233012103262
1498.0	0.0235097308521
1499.0	0.0237223330405
1500.0	0.0239391184925
