1601.0	0.0178592021321
1602.0	0.017977131168
1603.0	0.0180920782608
1604.0	0.0182064081461
1605.0	0.0183192582092
1606.0	0.0184305727959
1607.0	0.0185402964167
1608.0	0.0186483738025
1609.0	0.0187538920692
1610.0	0.0188585054266
1611.0	0.0189613087478
1612.0	0.0190613699674
1613.0	0.0191603857313
1614.0	0.0192574317566
1615.0	0.0193524559531
1616.0	0.0194454069205
1617.0	0.0195362340074
1618.0	0.0196248873709
1619.0	0.0197122395982
1620.0	0.0197964051378
1621.0	0.0198791854305
1622.0	0.0199596124189
1623.0	0.0200376406915
1624.0	0.0201141744043
1625.0	0.0201872785047
1626.0	0.0202588126259
1627.0	0.0203287500429
1628.0	0.0203960971992
1629.0	0.0204608152265
1630.0	0.0205228666845
1631.0	0.0205841750507
1632.0	0.0206417780603
1633.0	0.020697605267
1634.0	0.0207516352975
1635.0	0.0208028531778
1636.0	0.0208522265941
1637.0	0.0208997366061
1638.0	0.0209453649947
1639.0	0.0209880879355
1640.0	0.0210278808139
1641.0	0.0210667433876
1642.0	0.0211036546261
1643.0	0.0211375846935
1644.0	0.0211705501238
1645.0	0.0212005051333
1646.0	0.0212294760404
1647.0	0.0212554111945
1648.0	0.0212803455895
1649.0	0.0213022229004
1650.0	0.0213230856662
