1901.0	0.0185044200851
1902.0	0.0185835262206
1903.0	0.0186618616232
1904.0	0.0187394073478
1905.0	0.0188149013526
1906.0	0.0188908039303
1907.0	0.0189646030981
1908.0	0.0190375235885
1909.0	0.0191095470852
1910.0	0.0191806553878
1911.0	0.0192508304223
1912.0	0.0193200542507
1913.0	0.0193870115142
1914.0	0.0194529694373
1915.0	0.0195192208744
1916.0	0.0195831348226
1917.0	0.0196459983189
1918.0	0.01970779475
1919.0	0.0197685077156
1920.0	0.0198267815182
1921.0	0.019885273667
1922.0	0.0199412841918
1923.0	0.0199974931513
1924.0	0.0200511794813
1925.0	0.0201036790401
1926.0	0.0201563483111
1927.0	0.0202064364966
1928.0	0.020255295799
1929.0	0.0203029128302
1930.0	0.0203492745213
1931.0	0.0203943681306
1932.0	0.0204381812515
1933.0	0.0204807018205
1934.0	0.0205219181245
1935.0	0.0205618188083
1936.0	0.0206018056874
1937.0	0.0206390459985
1938.0	0.0206749387041
1939.0	0.020710896889
1940.0	0.02074406826
1941.0	0.0207758634978
1942.0	0.0208077057598
1943.0	0.0208381603706
1944.0	0.0208672190575
1945.0	0.0208948739629
1946.0	0.0209211176494
1947.0	0.0209473875102
1948.0	0.0209707901998
1949.0	0.0209942102844
1950.0	0.0210161972005
