2551.0	0.0185670902102
2552.0	0.0186330577058
2553.0	0.0186988588526
2554.0	0.0187639972868
2555.0	0.0188289535458
2556.0	0.0188932263455
2557.0	0.0189568029136
2558.0	0.0190201711488
2559.0	0.0190833255516
2560.0	0.0191452498434
2561.0	0.019207447512
2562.0	0.0192683898996
2563.0	0.0193295946402
2564.0	0.0193900337967
2565.0	0.0194496949414
2566.0	0.0195090849651
2567.0	0.019567676888
2568.0	0.0196259821992
2569.0	0.0196839954167
2570.0	0.0197411829374
2571.0	0.0197980630155
2572.0	0.0198546301999
2573.0	0.019910344432
2574.0	0.0199657306018
2575.0	0.020020783305
2576.0	0.0200749562057
2577.0	0.0201287806902
2578.0	0.0201827964877
2579.0	0.0202353630573
2580.0	0.0202881102944
2581.0	0.0203404878267
2582.0	0.0203919372097
2583.0	0.0204435574958
2584.0	0.0204942351726
2585.0	0.0205445182077
2586.0	0.0205944014314
2587.0	0.0206444425929
2588.0	0.0206935126736
2589.0	0.0207421675559
2590.0	0.0207909707359
2591.0	0.0208387818767
2592.0	0.020886734943
2593.0	0.0209336821981
2594.0	0.0209807650561
2595.0	0.0210279840171
2596.0	0.0210741803986
2597.0	0.0211199252366
2598.0	0.0211657967631
2599.0	0.021211795425
2600.0	0.0212567482935
