1151.0	0.0172368325792
1152.0	0.0173082494082
1153.0	0.0173800408501
1154.0	0.0174551286188
1155.0	0.0175306307173
1156.0	0.0176095055303
1157.0	0.0176947878009
1158.0	0.0177776128558
1159.0	0.0178639566024
1160.0	0.0179538851509
1161.0	0.0180444082756
1162.0	0.018141695153
1163.0	0.0182396783447
1164.0	0.0183383643278
1165.0	0.0184409145889
1166.0	0.0185474113123
1167.0	0.0186547327151
1168.0	0.0187661217098
1169.0	0.0188784066332
1170.0	0.0189948879844
1171.0	0.0191156627423
1172.0	0.0192374802324
1173.0	0.0193637353064
1174.0	0.0194911198639
1175.0	0.0196230954651
1176.0	0.0197562936176
1177.0	0.0198942462168
1178.0	0.0200335212607
1179.0	0.0201777248185
1180.0	0.0203233580978
1181.0	0.0204704396771
1182.0	0.0206226925766
1183.0	0.0207802557861
1184.0	0.0209394873516
1185.0	0.0211004104608
1186.0	0.0212669212105
1187.0	0.0214352588532
1188.0	0.0216054497195
1189.0	0.0217815294549
1190.0	0.021959610493
1191.0	0.0221438285608
1192.0	0.0223260515123
1193.0	0.0225145737486
1194.0	0.0227095822271
1195.0	0.0229026465757
1196.0	0.0231023752415
1197.0	0.0233045480249
1198.0	0.0235092043081
1199.0	0.023720921209
1200.0	0.0239307242285
