1201.0	0.0155396703982
1202.0	0.0156850991485
1203.0	0.0158324499513
1204.0	0.0159849457676
1205.0	0.0161362859835
1206.0	0.0162912913185
1207.0	0.0164480713624
1208.0	0.0166069870779
1209.0	0.0167694449895
1210.0	0.0169341553228
1211.0	0.0171008073535
1212.0	0.0172701420735
1213.0	0.017441131225
1214.0	0.0176163597938
1215.0	0.0177922241368
1216.0	0.0179702026926
1217.0	0.0181526290306
1218.0	0.0183349603146
1219.0	0.0185222655351
1220.0	0.0187094829105
1221.0	0.0188993898597
1222.0	0.0190941041344
1223.0	0.0192887364539
1224.0	0.0194861905791
1225.0	0.0196839274523
1226.0	0.0198862721689
1227.0	0.0200893512707
1228.0	0.0202971886507
1229.0	0.0205048767116
1230.0	0.0207132612116
1231.0	0.0209265483485
1232.0	0.0211400846503
1233.0	0.0213542879277
1234.0	0.021573060543
1235.0	0.0217920153983
1236.0	0.0220110793678
1237.0	0.022235339732
1238.0	0.022457088731
1239.0	0.0226841071439
1240.0	0.0229111539078
1241.0	0.0231381482884
1242.0	0.0233677831133
1243.0	0.0236000935374
1244.0	0.0238316871586
1245.0	0.0240630317526
1246.0	0.0242969759798
1247.0	0.0245305729993
1248.0	0.0247667513657
1249.0	0.0250018665585
1250.0	0.0252364186165
