1251.0	0.016707568866
1252.0	0.0168569192687
1253.0	0.0170073293424
1254.0	0.0171571304005
1255.0	0.0173062571333
1256.0	0.0174546433548
1257.0	0.0176039530272
1258.0	0.0177524296156
1259.0	0.0179017780899
1260.0	0.0180484027847
1261.0	0.018195802192
1262.0	0.0183416722977
1263.0	0.0184868549706
1264.0	0.0186303541828
1265.0	0.0187739821087
1266.0	0.0189167521225
1267.0	0.0190576351832
1268.0	0.0191980140364
1269.0	0.0193363578635
1270.0	0.0194735788528
1271.0	0.0196096177567
1272.0	0.0197433930676
1273.0	0.0198763631477
1274.0	0.020006920551
1275.0	0.020136027703
1276.0	0.0202625640946
1277.0	0.0203875121831
1278.0	0.0205108128278
1279.0	0.0206313183345
1280.0	0.0207500406481
1281.0	0.0208663684536
1282.0	0.0209802310425
1283.0	0.0210915586227
1284.0	0.0212002824108
1285.0	0.021306904675
1286.0	0.0214107968493
1287.0	0.0215118934066
1288.0	0.021609548695
1289.0	0.0217048593367
1290.0	0.0217977750207
1291.0	0.0218870623471
1292.0	0.0219738438734
1293.0	0.0220574745548
1294.0	0.0221378998258
1295.0	0.0222150670634
1296.0	0.0222895329024
1297.0	0.0223606469199
1298.0	0.0224283623664
1299.0	0.0224932495908
1300.0	0.0225546560356
