2901.0	0.0189393257293
2902.0	0.0189861919768
2903.0	0.0190332097712
2904.0	0.0190803797379
2905.0	0.0191268525529
2906.0	0.0191726199598
2907.0	0.0192185295205
2908.0	0.0192645817969
2909.0	0.0193099157617
2910.0	0.0193545232923
2911.0	0.019399263594
2912.0	0.0194432670842
2913.0	0.0194873986628
2914.0	0.0195316588013
2915.0	0.0195751694731
2916.0	0.0196188040194
2917.0	0.0196616788579
2918.0	0.0197046729045
2919.0	0.0197477865765
2920.0	0.0197901280472
2921.0	0.0198325844833
2922.0	0.0198742586428
2923.0	0.0199160431355
2924.0	0.0199579383274
2925.0	0.019999038949
2926.0	0.0200402456533
2927.0	0.020081558782
2928.0	0.0201220651403
2929.0	0.0201626733271
2930.0	0.0202033836608
2931.0	0.020243275128
2932.0	0.0202841880784
2933.0	0.0203233510874
2934.0	0.020363536172
2935.0	0.0204038197233
2936.0	0.0204432678164
2937.0	0.0204828098063
2938.0	0.0205215066964
2939.0	0.020561234739
2940.0	0.0206001131473
2941.0	0.0206390814476
2942.0	0.0206781398952
2943.0	0.0207172887461
2944.0	0.0207555738431
2945.0	0.0207949017207
2946.0	0.0208333613082
2947.0	0.0208719072556
2948.0	0.0209105397998
2949.0	0.0209492591784
2950.0	0.020987096189
