2601.0	0.0200412388999
2602.0	0.0200407516847
2603.0	0.0200402493869
2604.0	0.0200395168161
2605.0	0.0200387692758
2606.0	0.0200377916866
2607.0	0.0200365842259
2608.0	0.0200353620427
2609.0	0.020034125144
2610.0	0.0200326586991
2611.0	0.0200311776794
2612.0	0.0200296820924
2613.0	0.0200279573072
2614.0	0.0200262181049
2615.0	0.020024249997
2616.0	0.0200224820551
2617.0	0.0200204853672
2618.0	0.0200184744392
2619.0	0.0200162350758
2620.0	0.0200141957688
2621.0	0.0200119281959
2622.0	0.0200096465712
2623.0	0.0200075648034
2624.0	0.0200052550271
2625.0	0.0200029312286
2626.0	0.0200005934177
2627.0	0.0199982416045
2628.0	0.0199958757989
2629.0	0.019993496011
2630.0	0.0199911022507
2631.0	0.0199889078029
2632.0	0.0199864860492
2633.0	0.0199842634727
2634.0	0.0199820268084
2635.0	0.019979776066
2636.0	0.0199775112553
2637.0	0.0199752323858
2638.0	0.0199731522072
2639.0	0.0199710578386
2640.0	0.0199689492892
2641.0	0.0199668265684
2642.0	0.0199649021324
2643.0	0.019962963398
2644.0	0.0199612226819
2645.0	0.0199592553058
2646.0	0.0199576979971
2647.0	0.019955914045
2648.0	0.0199545397763
2649.0	0.0199529388797
2650.0	0.0199515353826
