2401.0	0.0178326023298
2402.0	0.0179037913152
2403.0	0.0179763864506
2404.0	0.0180500691254
2405.0	0.0181248544828
2406.0	0.018200071099
2407.0	0.0182764132751
2408.0	0.0183545922831
2409.0	0.0184332380691
2410.0	0.0185123542906
2411.0	0.0185933616103
2412.0	0.0186752212123
2413.0	0.0187583027739
2414.0	0.0188422631538
2415.0	0.0189274772059
2416.0	0.019013231732
2417.0	0.019100636391
2418.0	0.0191886053089
2419.0	0.0192778900249
2420.0	0.0193681346556
2421.0	0.0194601089825
2422.0	0.0195526982443
2423.0	0.0196466754955
2424.0	0.0197416758319
2425.0	0.0198373238422
2426.0	0.0199344094232
2427.0	0.0200325604067
2428.0	0.0201313936966
2429.0	0.0202321173508
2430.0	0.0203335533608
2431.0	0.0204365214197
2432.0	0.0205394080973
2433.0	0.0206446776181
2434.0	0.0207502954383
2435.0	0.0208575159331
2436.0	0.0209659434119
2437.0	0.0210747446446
2438.0	0.0211852030376
2439.0	0.0212969143153
2440.0	0.0214094614164
2441.0	0.0215232910734
2442.0	0.0216375380539
2443.0	0.0217535366358
2444.0	0.0218704186114
2445.0	0.0219890976989
2446.0	0.0221077803297
2447.0	0.0222282926473
2448.0	0.0223497392346
2449.0	0.0224716626043
2450.0	0.0225959443544
