1801.0	0.0166887622534
1802.0	0.0167949312349
1803.0	0.016903031857
1804.0	0.0170131030314
1805.0	0.0171241879736
1806.0	0.017237305314
1807.0	0.0173524967461
1808.0	0.0174698051569
1809.0	0.0175882382239
1810.0	0.0177088569089
1811.0	0.0178306498733
1812.0	0.0179547002222
1813.0	0.0180810559793
1814.0	0.0182086763145
1815.0	0.0183386794874
1816.0	0.0184700039171
1817.0	0.0186026673325
1818.0	0.0187378245331
1819.0	0.0188755302476
1820.0	0.0190135178943
1821.0	0.0191541177159
1822.0	0.0192973877943
1823.0	0.0194409882154
1824.0	0.0195873269747
1825.0	0.0197364657678
1826.0	0.0198859875958
1827.0	0.0200371282798
1828.0	0.0201911790634
1829.0	0.0203469240245
1830.0	0.0205043877945
1831.0	0.0206635954516
1832.0	0.0208245725311
1833.0	0.020987345035
1834.0	0.0211505820136
1835.0	0.0213170096124
1836.0	0.0214853133109
1837.0	0.0216555210793
1838.0	0.0218262399661
1839.0	0.0220003252314
1840.0	0.0221749465424
1841.0	0.0223515546954
1842.0	0.0225301795932
1843.0	0.0227108517009
1844.0	0.0228920777187
1845.0	0.0230753776048
1846.0	0.0232592224427
1847.0	0.0234467463666
1848.0	0.023634842458
1849.0	0.0238234872575
1850.0	0.0240142916608
