1201.0	0.0156472298586
1202.0	0.015790129453
1203.0	0.0159348677554
1204.0	0.0160846240799
1205.0	0.0162331764013
1206.0	0.0163852809017
1207.0	0.0165390698761
1208.0	0.0166948973073
1209.0	0.0168541468467
1210.0	0.0170155444182
1211.0	0.0171787817231
1212.0	0.0173445860079
1213.0	0.0175119427543
1214.0	0.0176833924581
1215.0	0.0178553877357
1216.0	0.0180293808346
1217.0	0.0182076617804
1218.0	0.0183857647327
1219.0	0.0185686654077
1220.0	0.0187513916459
1221.0	0.0189366676703
1222.0	0.0191265666019
1223.0	0.0193162914275
1224.0	0.0195086868029
1225.0	0.0197012632641
1226.0	0.0198982538362
1227.0	0.020095863388
1228.0	0.0202980262728
1229.0	0.0204999394065
1230.0	0.0207024294968
1231.0	0.0209096039714
1232.0	0.0211169137381
1233.0	0.0213247663315
1234.0	0.021536967515
1235.0	0.0217492341741
1236.0	0.0219614949409
1237.0	0.0221787055761
1238.0	0.0223933543469
1239.0	0.0226130175625
1240.0	0.0228325897453
1241.0	0.0230519924858
1242.0	0.0232738433853
1243.0	0.0234981732945
1244.0	0.0237216844343
1245.0	0.0239448319337
1246.0	0.0241703801529
1247.0	0.0243954679442
1248.0	0.0246229347572
1249.0	0.0248492460231
1250.0	0.0250748875417
