1451.0	0.0174020912633
1452.0	0.0174687359218
1453.0	0.0175383361511
1454.0	0.0176087387961
1455.0	0.0176821661178
1456.0	0.0177577773938
1457.0	0.0178365039677
1458.0	0.017916145479
1459.0	0.0179989830132
1460.0	0.0180827897771
1461.0	0.0181689588053
1462.0	0.0182584583594
1463.0	0.0183513519457
1464.0	0.0184448858418
1465.0	0.0185419067302
1466.0	0.0186396218671
1467.0	0.0187409225562
1468.0	0.0188453984433
1469.0	0.0189511606178
1470.0	0.0190621704868
1471.0	0.0191725849041
1472.0	0.0192863844399
1473.0	0.0194041484295
1474.0	0.0195249471006
1475.0	0.0196473023779
1476.0	0.0197733181044
1477.0	0.0199009812144
1478.0	0.0200313783406
1479.0	0.0201656374174
1480.0	0.020302231416
1481.0	0.0204417528801
1482.0	0.0205842669976
1483.0	0.020729841076
1484.0	0.0208785446212
1485.0	0.0210304494197
1486.0	0.0211850553884
1487.0	0.0213430008721
1488.0	0.0215037777021
1489.0	0.021668040938
1490.0	0.0218358741163
1491.0	0.0220061497228
1492.0	0.0221801427847
1493.0	0.022357323443
1494.0	0.0225377640034
1495.0	0.0227221748481
1496.0	0.0229093685532
1497.0	0.0231000525973
1498.0	0.0232943084595
1499.0	0.0234922201242
1500.0	0.023693874173
