2801.0	0.0198481074679
2802.0	0.0198567785255
2803.0	0.0198650145591
2804.0	0.0198734475171
2805.0	0.019881444827
2806.0	0.0198894279771
2807.0	0.0198973969415
2808.0	0.0199051404883
2809.0	0.0199126583356
2810.0	0.0199201615793
2811.0	0.0199274387469
2812.0	0.0199347011031
2813.0	0.0199417370235
2814.0	0.0199487579336
2815.0	0.0199555520654
2816.0	0.0199621191853
2817.0	0.0199686709465
2818.0	0.0199747834476
2819.0	0.0199810922945
2820.0	0.0199869614736
2821.0	0.0199928148465
2822.0	0.0199986523942
2823.0	0.0200040496622
2824.0	0.0200094308618
2825.0	0.0200145836672
2826.0	0.0200197202782
2827.0	0.0200246282851
2828.0	0.0200293075509
2829.0	0.0200337579502
2830.0	0.0200381918625
2831.0	0.0200423967483
2832.0	0.0200463725064
2833.0	0.0200501190476
2834.0	0.0200538488865
2835.0	0.0200573493982
2836.0	0.0200606205179
2837.0	0.0200636621923
2838.0	0.0200666870264
2839.0	0.0200692697015
2840.0	0.0200720481489
2841.0	0.0200743843915
2842.0	0.0200764910773
2843.0	0.0200785808612
2844.0	0.020080441094
2845.0	0.0200820717948
2846.0	0.0200836856116
2847.0	0.0200848573337
2848.0	0.0200860122271
2849.0	0.0200869377297
2850.0	0.0200876339081
