951.0	0.0147603169678
952.0	0.0149730609274
953.0	0.0151878325983
954.0	0.0154021867928
955.0	0.0156208707873
956.0	0.0158414839846
957.0	0.0160588538421
958.0	0.0162804855605
959.0	0.0165038180381
960.0	0.0167260788305
961.0	0.0169498342615
962.0	0.0171750287651
963.0	0.017398717929
964.0	0.017623616547
965.0	0.0178496586324
966.0	0.0180737244792
967.0	0.0182986813313
968.0	0.0185244529599
969.0	0.0187477421832
970.0	0.0189715721031
971.0	0.0191958566836
972.0	0.0194137345117
973.0	0.0196385448968
974.0	0.0198565363063
975.0	0.0200743829302
976.0	0.0202919839243
977.0	0.0205055700103
978.0	0.020718590043
979.0	0.0209271602211
980.0	0.0211348366433
981.0	0.0213415075339
982.0	0.0215431216455
983.0	0.021743394577
984.0	0.0219381678516
985.0	0.0221312627734
986.0	0.0223267069178
987.0	0.0225119471121
988.0	0.0226950545599
989.0	0.0228716188471
990.0	0.0230500582115
991.0	0.0232216238437
992.0	0.0233860604045
993.0	0.0235475944017
994.0	0.0237061126135
995.0	0.0238569438413
996.0	0.0240044543374
997.0	0.0241485367601
998.0	0.0242844104089
999.0	0.0244212838888
1000.0	0.0245449257784
