601.0	0.0156842228975
602.0	0.0158399749705
603.0	0.0159977723762
604.0	0.016156142047
605.0	0.0163181142459
606.0	0.0164806873715
607.0	0.0166469786582
608.0	0.016813901073
609.0	0.0169830433748
610.0	0.0171544440044
611.0	0.017326477028
612.0	0.0174991111202
613.0	0.0176757392789
614.0	0.0178529996564
615.0	0.0180326211249
616.0	0.0182128573329
617.0	0.0183936736805
618.0	0.0185768724749
619.0	0.0187606305722
620.0	0.0189449108504
621.0	0.019131591363
622.0	0.0193187696884
623.0	0.0195044364778
624.0	0.0196924632537
625.0	0.019880865374
626.0	0.0200695999886
627.0	0.0202586232134
628.0	0.0204478901375
629.0	0.0206373548311
630.0	0.0208269703549
631.0	0.021016688771
632.0	0.0212042444579
633.0	0.0213917484721
634.0	0.0215791497279
635.0	0.0217663962338
636.0	0.0219534351115
637.0	0.0221378572075
638.0	0.0223219078244
639.0	0.0225031213337
640.0	0.0226837969306
641.0	0.022861413608
642.0	0.0230408149047
643.0	0.0232144703101
644.0	0.0233872500468
645.0	0.0235590952558
646.0	0.0237273513115
647.0	0.0238918821889
648.0	0.024055198409
649.0	0.0242145710098
650.0	0.0243698680644
