1001.0	0.0193967278306
1002.0	0.0194854872318
1003.0	0.0195710062273
1004.0	0.0196532199876
1005.0	0.019728273937
1006.0	0.0197998613956
1007.0	0.0198679277543
1008.0	0.0199324211017
1009.0	0.019993292316
1010.0	0.0200466205586
1011.0	0.0201000981327
1012.0	0.0201459253013
1013.0	0.0201879427995
1014.0	0.0202261199858
1015.0	0.0202604294871
1016.0	0.020286914437
1017.0	0.0203134139814
1018.0	0.0203359849152
1019.0	0.0203506678072
1020.0	0.0203613942373
1021.0	0.0203721074264
1022.0	0.0203749126502
1023.0	0.0203777045425
1024.0	0.020372597452
1025.0	0.0203674861396
1026.0	0.0203545031334
1027.0	0.0203415340944
1028.0	0.0203246582924
1029.0	0.0203038960407
1030.0	0.0202792709327
1031.0	0.020250809792
1032.0	0.020222425118
1033.0	0.0201902441294
1034.0	0.02015429981
1035.0	0.0201146281778
1036.0	0.020071268212
1037.0	0.0200280792167
1038.0	0.0199812569135
1039.0	0.0199346328392
1040.0	0.0198844337293
1041.0	0.0198307064487
1042.0	0.0197772374207
1043.0	0.0197203047933
1044.0	0.0196599602061
1045.0	0.0196036217932
1046.0	0.0195402394249
1047.0	0.0194772138508
1048.0	0.019414542269
1049.0	0.0193486168345
1050.0	0.0192830788916
