2801.0	0.0178496798156
2802.0	0.0179359928693
2803.0	0.0180215470301
2804.0	0.0181083585423
2805.0	0.0181943931622
2806.0	0.0182810061213
2807.0	0.0183682025346
2808.0	0.0184552886116
2809.0	0.0185422549972
2810.0	0.0186298008592
2811.0	0.0187172177631
2812.0	0.018805214496
2813.0	0.0188930727806
2814.0	0.0189815111133
2815.0	0.0190698012822
2816.0	0.0191579333762
2817.0	0.0192466405686
2818.0	0.0193344314192
2819.0	0.0194235402758
2820.0	0.0195117124165
2821.0	0.0196004489137
2822.0	0.0196897545146
2823.0	0.0197780872133
2824.0	0.0198669781485
2825.0	0.019955648416
2826.0	0.0200448759483
2827.0	0.0201338715675
2828.0	0.02022262444
2829.0	0.0203111236637
2830.0	0.020400167372
2831.0	0.0204889456694
2832.0	0.0205774474407
2833.0	0.0206656615078
2834.0	0.020754406314
2835.0	0.0208428511565
2836.0	0.0209309846559
2837.0	0.0210187953771
2838.0	0.0211071221529
2839.0	0.0211942579228
2840.0	0.0212827575428
2841.0	0.0213700428624
2842.0	0.0214569576574
2843.0	0.0215443662761
2844.0	0.0216313910742
2845.0	0.0217180201677
2846.0	0.0218051332274
2847.0	0.021890940224
2848.0	0.0219772174843
2849.0	0.0220630613456
2850.0	0.0221484597085
