551.0	0.0168782097612
552.0	0.0169543100088
553.0	0.0170334705914
554.0	0.017114378528
555.0	0.0171998083752
556.0	0.0172870782682
557.0	0.0173776114569
558.0	0.0174714694387
559.0	0.0175687166891
560.0	0.0176694207681
561.0	0.0177722174006
562.0	0.0178785922872
563.0	0.0179886215514
564.0	0.0181023848452
565.0	0.0182169973784
566.0	0.0183369580939
567.0	0.018460885434
568.0	0.0185858223948
569.0	0.0187148584723
570.0	0.0188480926324
571.0	0.0189840579604
572.0	0.0191259870556
573.0	0.0192676289823
574.0	0.0194138080463
575.0	0.0195662792079
576.0	0.0197185986663
577.0	0.0198757509881
578.0	0.0200361741879
579.0	0.0202016576679
580.0	0.0203688781383
581.0	0.0205396109279
582.0	0.0207139417589
583.0	0.0208919592279
584.0	0.0210737549193
585.0	0.0212594235237
586.0	0.0214472015262
587.0	0.0216390045582
588.0	0.0218368444365
589.0	0.0220351009773
590.0	0.0222396110503
591.0	0.0224446108682
592.0	0.0226540818072
593.0	0.0228681418887
594.0	0.0230848486912
595.0	0.0233063370746
596.0	0.023528493837
597.0	0.0237555773677
598.0	0.023985541845
599.0	0.0242206440554
600.0	0.0244565443821
