2201.0	0.0170633138689
2202.0	0.0171883208851
2203.0	0.0173098118385
2204.0	0.0174349785963
2205.0	0.0175589791368
2206.0	0.0176842471901
2207.0	0.0178082801632
2208.0	0.017931017305
2209.0	0.0180549682562
2210.0	0.018177552139
2211.0	0.0183013293234
2212.0	0.0184263151678
2213.0	0.018549850153
2214.0	0.0186718708884
2215.0	0.0187950404942
2216.0	0.018916620273
2217.0	0.0190393247178
2218.0	0.0191631675735
2219.0	0.0192824994993
2220.0	0.019402891757
2221.0	0.0195243567867
2222.0	0.0196439978447
2223.0	0.0197646840641
2224.0	0.0198834661005
2225.0	0.0200032646399
2226.0	0.0201210778748
2227.0	0.0202368393121
2228.0	0.0203535465366
2229.0	0.020471209738
2230.0	0.0205867235455
2231.0	0.0207000211214
2232.0	0.0208142016193
2233.0	0.0209260831935
2234.0	0.0210388149989
2235.0	0.0211524055455
2236.0	0.0212603317405
2237.0	0.0213723234151
2238.0	0.0214785184452
2239.0	0.0215887937114
2240.0	0.0216965034232
2241.0	0.0218015816828
2242.0	0.0219073740073
2243.0	0.0220104523234
2244.0	0.0221142096331
2245.0	0.022215170883
2246.0	0.0223167758579
2247.0	0.0224155033941
2248.0	0.0225148392899
2249.0	0.0226147884634
2250.0	0.0227117615815
