2501.0	0.0177527760032
2502.0	0.0178463261914
2503.0	0.0179397287424
2504.0	0.0180333980522
2505.0	0.0181269008323
2506.0	0.0182206577389
2507.0	0.01831422879
2508.0	0.0184080409395
2509.0	0.0185016474798
2510.0	0.0185950350995
2511.0	0.0186886402461
2512.0	0.0187820060759
2513.0	0.0188755754036
2514.0	0.0189688846105
2515.0	0.019061919845
2516.0	0.01915513351
2517.0	0.0192480517967
2518.0	0.019340660553
2519.0	0.0194334218058
2520.0	0.0195258515515
2521.0	0.0196179353584
2522.0	0.0197096587129
2523.0	0.0198014964994
2524.0	0.0198929511526
2525.0	0.0199840079121
2526.0	0.02007515131
2527.0	0.0201658736529
2528.0	0.0202561599585
2529.0	0.020345995187
2530.0	0.0204353642455
2531.0	0.0205247677133
2532.0	0.0206136811704
2533.0	0.0207020893538
2534.0	0.0207905024206
2535.0	0.020877857337
2536.0	0.0209651928597
2537.0	0.0210525032097
2538.0	0.0211387059177
2539.0	0.0212248589037
2540.0	0.0213104115438
2541.0	0.0213953483128
2542.0	0.0214796536853
2543.0	0.0215638662054
2544.0	0.0216474225073
2545.0	0.0217303070363
2546.0	0.0218130676214
2547.0	0.0218951315098
2548.0	0.0219764831547
2549.0	0.0220571070443
2550.0	0.0221375632367
