801.0	0.0190487933484
802.0	0.0190396708483
803.0	0.0190336367869
804.0	0.0190306810335
805.0	0.0190292549799
806.0	0.0190308950945
807.0	0.0190355968924
808.0	0.0190448977184
809.0	0.0190541787524
810.0	0.019068060978
811.0	0.0190850092082
812.0	0.0191050300747
813.0	0.0191281324361
814.0	0.0191527802329
815.0	0.0191805289541
816.0	0.0192113930793
817.0	0.0192453893667
818.0	0.0192825368758
819.0	0.0193212941635
820.0	0.0193632393412
821.0	0.0194099688628
822.0	0.0194599486449
823.0	0.0195116275919
824.0	0.0195681975742
825.0	0.0196265239068
826.0	0.0196898269384
827.0	0.0197549523115
828.0	0.0198235370814
829.0	0.0198956269064
830.0	0.0199712703053
831.0	0.0200488787629
832.0	0.0201317775069
833.0	0.0202167342588
834.0	0.0203054483518
835.0	0.0203979824136
836.0	0.020494402442
837.0	0.0205947779165
838.0	0.0206991819172
839.0	0.0208059657945
840.0	0.0209186481278
841.0	0.0210338487802
842.0	0.0211516148474
843.0	0.0212755541827
844.0	0.021404010989
845.0	0.0215352751315
846.0	0.0216694034956
847.0	0.0218082974293
848.0	0.0219520682769
849.0	0.0221008326394
850.0	0.0222528164473
