501.0	0.0206549849219
502.0	0.020571168426
503.0	0.0204913707412
504.0	0.0204155161599
505.0	0.0203435329086
506.0	0.020275353002
507.0	0.0202092606604
508.0	0.0201468648352
509.0	0.0200897400948
510.0	0.0200361810932
511.0	0.0199845192969
512.0	0.0199379493108
513.0	0.0198931976077
514.0	0.0198518385601
515.0	0.019815422503
516.0	0.0197823098645
517.0	0.0197524669574
518.0	0.0197242873317
519.0	0.0197008975244
520.0	0.0196822585582
521.0	0.019666772832
522.0	0.0196544203119
523.0	0.0196451833064
524.0	0.0196390464306
525.0	0.0196359965743
526.0	0.0196375757499
527.0	0.01964377255
528.0	0.0196514767999
529.0	0.0196637899683
530.0	0.0196776080853
531.0	0.01969603654
532.0	0.0197190818931
533.0	0.0197452000516
534.0	0.0197728434799
535.0	0.0198051364938
536.0	0.0198421003293
537.0	0.0198806295748
538.0	0.0199238716854
539.0	0.0199718595506
540.0	0.0200214750027
541.0	0.0200743139208
542.0	0.0201319931047
543.0	0.0201929671665
544.0	0.0202556711145
545.0	0.0203249418093
546.0	0.0203960196128
547.0	0.0204705468492
548.0	0.0205501973599
549.0	0.0206317698453
550.0	0.0207185816491
