2851.0	0.0200058226338
2852.0	0.0200085168959
2853.0	0.0200111946106
2854.0	0.0200136241632
2855.0	0.0200158055424
2856.0	0.0200179703484
2857.0	0.0200198869813
2858.0	0.0200215554582
2859.0	0.0200229758101
2860.0	0.0200241480817
2861.0	0.0200253038539
2862.0	0.0200259801252
2863.0	0.0200268714619
2864.0	0.0200272834574
2865.0	0.0200274477099
2866.0	0.0200275956936
2867.0	0.020027496088
2868.0	0.0200271490216
2869.0	0.0200267858616
2870.0	0.0200259442588
2871.0	0.0200250867733
2872.0	0.0200239823501
2873.0	0.0200228621691
2874.0	0.0200214952996
2875.0	0.0200196510751
2876.0	0.0200180223
2877.0	0.020015916606
2878.0	0.0200137957346
2879.0	0.0200114291326
2880.0	0.0200090475289
2881.0	0.0200061901463
2882.0	0.0200033181234
2883.0	0.0200002012629
2884.0	0.0199970699677
2885.0	0.0199936942333
2886.0	0.0199900743664
2887.0	0.0199864404937
2888.0	0.0199825629237
2889.0	0.0199784419896
2890.0	0.0199743075166
2891.0	0.0199699301511
2892.0	0.019965310253
2893.0	0.0199606773202
2894.0	0.0199558023623
2895.0	0.0199509146434
2896.0	0.0199457854252
2897.0	0.0199404151071
2898.0	0.0199350325875
2899.0	0.019929409529
2900.0	0.019923774571
