2501.0	0.0192790372745
2502.0	0.0193135999978
2503.0	0.0193477906275
2504.0	0.0193818254518
2505.0	0.0194154830688
2506.0	0.0194489808585
2507.0	0.0194820963884
2508.0	0.019515048115
2509.0	0.0195476125936
2510.0	0.0195797868487
2511.0	0.0196117909256
2512.0	0.0196433999081
2513.0	0.0196748348733
2514.0	0.019705869945
2515.0	0.01973650227
2516.0	0.0197669544459
2517.0	0.0197969992052
2518.0	0.0198266337775
2519.0	0.0198560822356
2520.0	0.0198851159733
2521.0	0.0199137323067
2522.0	0.0199419285888
2523.0	0.0199699307903
2524.0	0.0199975086115
2525.0	0.0200246594977
2526.0	0.0200516107803
2527.0	0.020078130952
2528.0	0.0201042175539
2529.0	0.020129868167
2530.0	0.0201550804132
2531.0	0.0201800837861
2532.0	0.0202046449107
2533.0	0.0202287615109
2534.0	0.0202526642978
2535.0	0.0202758855464
2536.0	0.0202988893421
2537.0	0.0203216746115
2538.0	0.0203437716121
2539.0	0.0203656466259
2540.0	0.0203870636385
2541.0	0.0204080206789
2542.0	0.0204285158216
2543.0	0.0204487831053
2544.0	0.0204685853678
2545.0	0.0204879207991
2546.0	0.0205070244234
2547.0	0.0205256582867
2548.0	0.0205438206973
2549.0	0.0205615100114
2550.0	0.020578962481
