1851.0	0.0165268547243
1852.0	0.0166592706293
1853.0	0.0167932087136
1854.0	0.0169275202428
1855.0	0.017062187359
1856.0	0.017198391109
1857.0	0.0173361546894
1858.0	0.0174742739374
1859.0	0.0176127296777
1860.0	0.0177527587212
1861.0	0.0178931135398
1862.0	0.0180337737942
1863.0	0.0181747186666
1864.0	0.0183172423025
1865.0	0.0184600374508
1866.0	0.0186030820882
1867.0	0.0187477146933
1868.0	0.0188925820034
1869.0	0.0190376607572
1870.0	0.0191829271997
1871.0	0.0193283570835
1872.0	0.0194739256706
1873.0	0.0196210625874
1874.0	0.0197668482697
1875.0	0.0199141823645
1876.0	0.020061583521
1877.0	0.0202075056418
1878.0	0.0203549432344
1879.0	0.0205023654371
1880.0	0.0206497438331
1881.0	0.0207970495374
1882.0	0.0209442532037
1883.0	0.0210897079407
1884.0	0.0212366011872
1885.0	0.0213833016267
1886.0	0.0215297781405
1887.0	0.0216743161789
1888.0	0.0218202332255
1889.0	0.0219658304744
1890.0	0.0221093426181
1891.0	0.0222524360995
1892.0	0.0223968427422
1893.0	0.022539014441
1894.0	0.022680665966
1895.0	0.0228217628309
1896.0	0.0229622702468
1897.0	0.0231003062174
1898.0	0.0232395130011
1899.0	0.0233761452326
1900.0	0.0235139091471
