2501.0	0.019369187989
2502.0	0.019399951735
2503.0	0.0194303508584
2504.0	0.0194605889317
2505.0	0.0194904580813
2506.0	0.0195201627843
2507.0	0.0195494943267
2508.0	0.0195786580753
2509.0	0.0196074444931
2510.0	0.019635851107
2511.0	0.0196640845941
2512.0	0.0196919342257
2513.0	0.0197196075262
2514.0	0.0197468929923
2515.0	0.0197737882721
2516.0	0.0198005021354
2517.0	0.0198268219616
2518.0	0.0198527454792
2519.0	0.0198784826615
2520.0	0.0199038198181
2521.0	0.0199287547613
2522.0	0.0199532853382
2523.0	0.0199776230621
2524.0	0.0200015529001
2525.0	0.0200250727871
2526.0	0.0200483953341
2527.0	0.020071304557
2528.0	0.0200937984814
2529.0	0.0201158751706
2530.0	0.0201375327252
2531.0	0.0201589854888
2532.0	0.0201800160227
2533.0	0.0202006225232
2534.0	0.0202210203003
2535.0	0.0202407737556
2536.0	0.0202603156181
2537.0	0.020279645038
2538.0	0.020298324868
2539.0	0.0203167895521
2540.0	0.0203348196359
2541.0	0.0203524135966
2542.0	0.0203695699528
2543.0	0.0203865066205
2544.0	0.0204030032897
2545.0	0.0204190585841
2546.0	0.0204348911773
2547.0	0.0204502801784
2548.0	0.0204652243184
2549.0	0.0204797223711
2550.0	0.0204939939432
