1751.0	0.0184928816061
1752.0	0.0185306643153
1753.0	0.0185693975007
1754.0	0.0186099545188
1755.0	0.0186514827494
1756.0	0.0186939904987
1757.0	0.0187383602675
1758.0	0.0187846096282
1759.0	0.018831876961
1760.0	0.018880172006
1761.0	0.0189303911832
1762.0	0.0189825548217
1763.0	0.0190357907995
1764.0	0.0190901104232
1765.0	0.019146425903
1766.0	0.0192047605369
1767.0	0.0192633217212
1768.0	0.0193248477443
1769.0	0.0193866267073
1770.0	0.0194505015699
1771.0	0.0195164994609
1772.0	0.0195837187453
1773.0	0.0196521747293
1774.0	0.0197228222886
1775.0	0.0197947479875
1776.0	0.019867968589
1777.0	0.0199434554556
1778.0	0.0200193229851
1779.0	0.0200984678306
1780.0	0.020178030468
1781.0	0.0202599654781
1782.0	0.0203443098407
1783.0	0.0204291265239
1784.0	0.0205154125388
1785.0	0.0206041891956
1786.0	0.0206944913538
1787.0	0.0207863420126
1788.0	0.0208807838286
1789.0	0.0209758094367
1790.0	0.021073488776
1791.0	0.0211717888291
1792.0	0.0212728081772
1793.0	0.0213744871496
1794.0	0.0214789541241
1795.0	0.0215851907423
1796.0	0.0216932261109
1797.0	0.0218020054378
1798.0	0.0219137205173
1799.0	0.0220262251704
1800.0	0.022141744755
