2351.0	0.0187222472342
2352.0	0.0187635163625
2353.0	0.0188016238894
2354.0	0.0188431146505
2355.0	0.0188847218923
2356.0	0.0189264460333
2357.0	0.0189716056381
2358.0	0.0190135751509
2359.0	0.0190590025509
2360.0	0.0191045702479
2361.0	0.0191502787991
2362.0	0.0191961287643
2363.0	0.0192421207061
2364.0	0.0192916526087
2365.0	0.0193413515508
2366.0	0.0193912182593
2367.0	0.0194412534653
2368.0	0.0194914579034
2369.0	0.0195452932935
2370.0	0.0195958511203
2371.0	0.0196500678406
2372.0	0.019704483412
2373.0	0.0197590987788
2374.0	0.0198174446845
2375.0	0.0198760211718
2376.0	0.0199312697214
2377.0	0.0199938706302
2378.0	0.0200531459893
2379.0	0.0201126567063
2380.0	0.0201760254474
2381.0	0.0202396637653
2382.0	0.0203035731521
2383.0	0.0203677551098
2384.0	0.020432211151
2385.0	0.0205006481105
2386.0	0.0205693969454
2387.0	0.0206384595083
2388.0	0.0207078376656
2389.0	0.0207813117907
2390.0	0.0208513451123
2391.0	0.0209255161151
2392.0	0.0210000485884
2393.0	0.0210749448327
2394.0	0.0211540837237
2395.0	0.0212336321126
2396.0	0.0213096739232
2397.0	0.0213912102288
2398.0	0.0214731772731
2399.0	0.0215551796558
2400.0	0.0216392167324
