1351.0	0.0213002482344
1352.0	0.0212449484743
1353.0	0.0211893168625
1354.0	0.0211327802414
1355.0	0.0210765051594
1356.0	0.0210193419428
1357.0	0.0209618755561
1358.0	0.0209041118887
1359.0	0.0208466230907
1360.0	0.0207888436077
1361.0	0.020731340439
1362.0	0.0206729944843
1363.0	0.020615487387
1364.0	0.0205582561232
1365.0	0.0205007478078
1366.0	0.020443516658
1367.0	0.020386560819
1368.0	0.0203304220278
1369.0	0.0202740088512
1370.0	0.0202189429446
1371.0	0.0201635991457
1372.0	0.0201090508039
1373.0	0.0200552891385
1374.0	0.0200023055348
1375.0	0.019949564493
1376.0	0.0198981140447
1377.0	0.0198468941391
1378.0	0.0197964237402
1379.0	0.0197472131925
1380.0	0.0196987322291
1381.0	0.0196509733118
1382.0	0.0196064897889
1383.0	0.0195596327292
1384.0	0.0195160212596
1385.0	0.0194725815914
1386.0	0.0194303219001
1387.0	0.0193907388131
1388.0	0.0193492953499
1389.0	0.0193105058183
1390.0	0.0192748420298
1391.0	0.0192373124549
1392.0	0.0192028818548
1393.0	0.0191685631378
1394.0	0.019137306213
1395.0	0.0191066333742
1396.0	0.0190765401646
1397.0	0.0190494614215
1398.0	0.0190224545888
1399.0	0.018998432543
1400.0	0.018974952594
