2001.0	0.0195702233176
2002.0	0.0195772992035
2003.0	0.019586091696
2004.0	0.0195948826305
2005.0	0.0196036720061
2006.0	0.0196124598219
2007.0	0.0196229686111
2008.0	0.019633477521
2009.0	0.0196439865503
2010.0	0.0196544956976
2011.0	0.0196667315424
2012.0	0.0196789696401
2013.0	0.0196912099898
2014.0	0.0197051829476
2015.0	0.0197174289826
2016.0	0.019733143401
2017.0	0.0197488657205
2018.0	0.0197645959445
2019.0	0.0197803340766
2020.0	0.019797820104
2021.0	0.019815317569
2022.0	0.0198345704475
2023.0	0.0198555850778
2024.0	0.0198748709697
2025.0	0.0198976741016
2026.0	0.0199187485389
2027.0	0.0199415988891
2028.0	0.01996623294
2029.0	0.0199908973881
2030.0	0.0200173569228
2031.0	0.0200438528507
2032.0	0.0200721562561
2033.0	0.0201022771497
2034.0	0.0201324479207
2035.0	0.0201626686716
2036.0	0.0201947250187
2037.0	0.0202286285297
2038.0	0.0202643915422
2039.0	0.020298430537
2040.0	0.020336140307
2041.0	0.020373933564
2042.0	0.0204136224971
2043.0	0.0204552219049
2044.0	0.0204951028347
2045.0	0.0205387321116
2046.0	0.0205843091932
2047.0	0.0206300126037
2048.0	0.0206758427915
2049.0	0.0207255008962
2050.0	0.0207753105708
