951.0	0.0148210200633
952.0	0.0150322383087
953.0	0.0152454129437
954.0	0.0154581113743
955.0	0.015675053051
956.0	0.0158938491985
957.0	0.0161093592237
958.0	0.0163290407133
959.0	0.0165503472693
960.0	0.0167705251307
961.0	0.0169921225103
962.0	0.017215083267
963.0	0.0174364852137
964.0	0.0176590222766
965.0	0.0178826282217
966.0	0.0181042093992
967.0	0.0183266092117
968.0	0.0185497515468
969.0	0.0187703693831
970.0	0.0189914587922
971.0	0.0192129342466
972.0	0.0194280027281
973.0	0.0196498714734
974.0	0.0198649281452
975.0	0.0200797802684
976.0	0.0202943282264
977.0	0.0205048449582
978.0	0.0207147428201
979.0	0.0209201834229
980.0	0.0211246838124
981.0	0.0213281341468
982.0	0.0215265334191
983.0	0.021723554201
984.0	0.021915091494
985.0	0.0221049208631
986.0	0.0222970182805
987.0	0.0224789956939
988.0	0.0226588217331
989.0	0.0228321474506
990.0	0.0230072782785
991.0	0.0231755871147
992.0	0.0233368260896
993.0	0.0234951647334
994.0	0.0236504930088
995.0	0.0237982101757
996.0	0.0239426212967
997.0	0.0240836222984
998.0	0.0242165070256
999.0	0.024350346202
1000.0	0.0244711292939
