751.0	0.0223067243772
752.0	0.0221767870021
753.0	0.0220481325232
754.0	0.0219227407707
755.0	0.0217985605113
756.0	0.0216755755963
757.0	0.0215557136342
758.0	0.0214389070976
759.0	0.0213212713325
760.0	0.0212085213385
761.0	0.0210967915229
762.0	0.0209860691168
763.0	0.0208800323741
764.0	0.0207730862625
765.0	0.0206725266564
766.0	0.0205710063726
767.0	0.0204739199011
768.0	0.0203776269097
769.0	0.0202838785469
770.0	0.0201943736416
771.0	0.0201055578695
772.0	0.0200208689794
773.0	0.019938516836
774.0	0.0198567605839
775.0	0.0197789705428
776.0	0.0197050749955
777.0	0.019631670819
778.0	0.019562067983
779.0	0.0194929072035
780.0	0.0194290991421
781.0	0.0193656690721
782.0	0.0193042343945
783.0	0.0192463780906
784.0	0.0191904433728
785.0	0.0191380004255
786.0	0.0190874122784
787.0	0.0190386551443
788.0	0.0189932816787
789.0	0.0189512506203
790.0	0.018910960013
791.0	0.0188739486591
792.0	0.0188386297363
793.0	0.0188065339653
794.0	0.0187776311551
795.0	0.018750354882
796.0	0.0187262264838
797.0	0.0187052221157
798.0	0.018685792393
799.0	0.018669451989
800.0	0.0186561830878
