1351.0	0.0212953508078
1352.0	0.0212402510203
1353.0	0.0211848351891
1354.0	0.0211285490968
1355.0	0.0210725206147
1356.0	0.0210156380854
1357.0	0.0209584670594
1358.0	0.0209010131861
1359.0	0.0208438296791
1360.0	0.0207863696335
1361.0	0.020729181306
1362.0	0.0206711824609
1363.0	0.020613999284
1364.0	0.0205570873059
1365.0	0.0204999118116
1366.0	0.0204430087601
1367.0	0.0203863763485
1368.0	0.0203305385287
1369.0	0.0202744396831
1370.0	0.020219648281
1371.0	0.0201645924412
1372.0	0.0201103103392
1373.0	0.0200567935021
1374.0	0.0200040336147
1375.0	0.0199515126923
1376.0	0.0199002445206
1377.0	0.0198492036945
1378.0	0.0197988922264
1379.0	0.0197498038136
1380.0	0.0197014255042
1381.0	0.0196537500043
1382.0	0.0196092473817
1383.0	0.0195624529452
1384.0	0.0195188025382
1385.0	0.0194753226044
1386.0	0.0194329884155
1387.0	0.0193932477289
1388.0	0.0193517115764
1389.0	0.019312746907
1390.0	0.0192768100042
1391.0	0.0192390723389
1392.0	0.0192043363727
1393.0	0.0191697125865
1394.0	0.0191380542311
1395.0	0.0191069645841
1396.0	0.0190764392741
1397.0	0.0190488330514
1398.0	0.0190212998425
1399.0	0.0189966565214
1400.0	0.0189725406008
