1401.0	0.0198302077014
1402.0	0.0198085045231
1403.0	0.0197868456125
1404.0	0.0197681489241
1405.0	0.0197504563734
1406.0	0.0197352173768
1407.0	0.0197224208708
1408.0	0.0197081885858
1409.0	0.0196988040589
1410.0	0.0196903911696
1411.0	0.0196819829477
1412.0	0.0196764689872
1413.0	0.0196738425783
1414.0	0.0196716930266
1415.0	0.0196719433578
1416.0	0.019673148542
1417.0	0.019677231015
1418.0	0.0196837095176
1419.0	0.0196906609992
1420.0	0.0197009725508
1421.0	0.0197112783183
1422.0	0.0197244682644
1423.0	0.0197405480355
1424.0	0.0197571121085
1425.0	0.0197765771436
1426.0	0.0197984691738
1427.0	0.0198213443699
1428.0	0.0198466621998
1429.0	0.0198749200981
1430.0	0.0199041857864
1431.0	0.0199359284793
1432.0	0.0199706522174
1433.0	0.0200059259369
1434.0	0.0200442099477
1435.0	0.0200850339475
1436.0	0.0201269357334
1437.0	0.0201733928706
1438.0	0.0202209662857
1439.0	0.0202691670588
1440.0	0.0203205030053
1441.0	0.0203745033176
1442.0	0.0204317003268
1443.0	0.0204916234577
1444.0	0.0205527789127
1445.0	0.0206167121728
1446.0	0.0206814057408
1447.0	0.0207515046119
1448.0	0.020822422613
1449.0	0.0208967704805
1450.0	0.0209714586664
