1501.0	0.0156175845032
1502.0	0.015754956653
1503.0	0.0158945124647
1504.0	0.0160367661987
1505.0	0.0161813103302
1506.0	0.0163281943767
1507.0	0.0164779558601
1508.0	0.0166296803585
1509.0	0.0167844017697
1510.0	0.016941182302
1511.0	0.0171010858258
1512.0	0.0172636712579
1513.0	0.0174284708196
1514.0	0.0175960601695
1515.0	0.0177665029003
1516.0	0.0179393132722
1517.0	0.0181145348188
1518.0	0.0182927792195
1519.0	0.0184735413396
1520.0	0.0186574520698
1521.0	0.0188434005427
1522.0	0.0190326125968
1523.0	0.0192245554151
1524.0	0.0194186620877
1525.0	0.0196162150176
1526.0	0.0198160211182
1527.0	0.0200194023893
1528.0	0.0202251306728
1529.0	0.0204332348166
1530.0	0.0206444212989
1531.0	0.0208587506158
1532.0	0.0210748884073
1533.0	0.0212949604427
1534.0	0.0215169039577
1535.0	0.0217421800133
1536.0	0.0219693706907
1537.0	0.0221999821692
1538.0	0.0224333174851
1539.0	0.0226694109164
1540.0	0.022907508051
1541.0	0.0231492099841
1542.0	0.0233929614173
1543.0	0.0236395868338
1544.0	0.0238891220293
1545.0	0.0241407509235
1546.0	0.0243953359594
1547.0	0.024652034607
1548.0	0.0249108428066
1549.0	0.0251726620195
1550.0	0.0254366082049
