2051.0	0.0182862256741
2052.0	0.018331873412
2053.0	0.0183793146939
2054.0	0.0184285681266
2055.0	0.0184779928674
2056.0	0.0185292562546
2057.0	0.0185823786795
2058.0	0.0186373814098
2059.0	0.0186925989575
2060.0	0.0187497271639
2061.0	0.0188070868779
2062.0	0.0188680990811
2063.0	0.0189293759782
2064.0	0.0189909190623
2065.0	0.0190561983428
2066.0	0.0191217800272
2067.0	0.019189417682
2068.0	0.0192573789387
2069.0	0.0193274356338
2070.0	0.0193996175482
2071.0	0.019473955585
2072.0	0.0195486825616
2073.0	0.01962561032
2074.0	0.0197029526381
2075.0	0.0197825424805
2076.0	0.0198644148121
2077.0	0.0199486058731
2078.0	0.0200332893555
2079.0	0.0201203443417
2080.0	0.02020981005
2081.0	0.0202998272922
2082.0	0.0203923126087
2083.0	0.0204853834335
2084.0	0.020580982378
2085.0	0.020679153765
2086.0	0.0207779785177
2087.0	0.0208794409739
2088.0	0.0209835890891
2089.0	0.0210884647741
2090.0	0.0211960970654
2091.0	0.0213045001644
2092.0	0.0214157342183
2093.0	0.0215277846598
2094.0	0.0216427439908
2095.0	0.0217606689524
2096.0	0.0218795000712
2097.0	0.0220013816346
2098.0	0.0221242222774
2099.0	0.022250202347
2100.0	0.0223771973572
