1051.0	0.0218644026655
1052.0	0.0217866629066
1053.0	0.0217093991764
1054.0	0.0216286156638
1055.0	0.0215483471971
1056.0	0.021468589225
1057.0	0.021385418196
1058.0	0.0213027967073
1059.0	0.0212207197351
1060.0	0.0211391823139
1061.0	0.0210581795357
1062.0	0.0209739090438
1063.0	0.0208939845159
1064.0	0.0208108302675
1065.0	0.0207282384837
1066.0	0.0206499057941
1067.0	0.0205647213445
1068.0	0.0204874405234
1069.0	0.0204070234514
1070.0	0.0203271433811
1071.0	0.0202477953557
1072.0	0.0201689744767
1073.0	0.0200906759025
1074.0	0.0200164145327
1075.0	0.019939124276
1076.0	0.0198658191351
1077.0	0.01978951926
1078.0	0.0197171533561
1079.0	0.0196486558403
1080.0	0.0195771721881
1081.0	0.0195095099327
1082.0	0.0194422505074
1083.0	0.0193753905811
1084.0	0.0193089268577
1085.0	0.0192461577185
1086.0	0.0191837423313
1087.0	0.01912167792
1088.0	0.019063211929
1089.0	0.0190050579279
1090.0	0.0189504320311
1091.0	0.0188960820756
1092.0	0.018842006109
1093.0	0.0187913758414
1094.0	0.0187409865115
1095.0	0.0186939826374
1096.0	0.0186471892345
1097.0	0.0186037254996
1098.0	0.0185604442103
1099.0	0.0185204410576
1100.0	0.0184805946355
