901.0	0.013680443279
902.0	0.0138688258826
903.0	0.0140624441053
904.0	0.0142583413655
905.0	0.0144581279571
906.0	0.0146619061114
907.0	0.0148697814229
908.0	0.0150835711701
909.0	0.0152982635162
910.0	0.0155190995328
911.0	0.0157444914751
912.0	0.0159745638808
913.0	0.0162075478023
914.0	0.0164453921491
915.0	0.0166882313056
916.0	0.0169362043097
917.0	0.0171853196179
918.0	0.0174417927975
919.0	0.0177037506036
920.0	0.0179691415876
921.0	0.0182379800786
922.0	0.0185125838755
923.0	0.0187931169432
924.0	0.0190773400535
925.0	0.019365267456
926.0	0.0196594286763
927.0	0.0199600027431
928.0	0.0202619122526
929.0	0.0205730647106
930.0	0.0208855786544
931.0	0.0212020953683
932.0	0.0215254972406
933.0	0.0218530437436
934.0	0.0221847422317
935.0	0.0225205977454
936.0	0.0228637527019
937.0	0.0232112069907
938.0	0.0235629621058
939.0	0.0239156625655
940.0	0.0242793672099
941.0	0.0246405020572
942.0	0.0250093427438
943.0	0.0253824475791
944.0	0.0257598001302
945.0	0.0261413805581
946.0	0.0265271654947
947.0	0.0269171279178
948.0	0.0273112370272
949.0	0.0277052978215
950.0	0.0281032554512
