1601.0	0.0175969584448
1602.0	0.0177260766672
1603.0	0.0178521733602
1604.0	0.0179777740777
1605.0	0.0181019510621
1606.0	0.0182246397538
1607.0	0.0183457755673
1608.0	0.0184652939587
1609.0	0.0185822058619
1610.0	0.0186982878973
1611.0	0.0188125599308
1612.0	0.0189240089101
1613.0	0.0190344622791
1614.0	0.0191429160086
1615.0	0.0192493078354
1616.0	0.0193535761144
1617.0	0.0194556598935
1618.0	0.0195554989895
1619.0	0.0196540366521
1620.0	0.019749216265
1621.0	0.0198429922943
1622.0	0.0199343052652
1623.0	0.0200230994139
1624.0	0.0201103562817
1625.0	0.0201939565019
1626.0	0.0202759261683
1627.0	0.0203562322193
1628.0	0.0204337821017
1629.0	0.0205085270308
1630.0	0.0205804198038
1631.0	0.0206515665783
1632.0	0.0207187105774
1633.0	0.0207839653978
1634.0	0.0208473037468
1635.0	0.0209076043475
1636.0	0.0209659275213
1637.0	0.0210222486971
1638.0	0.0210765441159
1639.0	0.0211276801674
1640.0	0.0211756241912
1641.0	0.0212225803774
1642.0	0.0212674183359
1643.0	0.0213089955557
1644.0	0.0213495385378
1645.0	0.0213867805973
1646.0	0.0214229614617
1647.0	0.0214558058255
1648.0	0.0214875653314
1649.0	0.021515957495
1650.0	0.0215432445315
