2351.0	0.0195471198691
2352.0	0.0195606673725
2353.0	0.0195722031432
2354.0	0.0195857414604
2355.0	0.0195992759741
2356.0	0.0196128066581
2357.0	0.0196283480919
2358.0	0.0196418726925
2359.0	0.0196574116101
2360.0	0.0196729502119
2361.0	0.019688488471
2362.0	0.0197040263604
2363.0	0.0197195638532
2364.0	0.0197371292894
2365.0	0.0197546985209
2366.0	0.019772271522
2367.0	0.019789848267
2368.0	0.0198074287302
2369.0	0.0198270529748
2370.0	0.0198446430815
2371.0	0.0198642818045
2372.0	0.0198839290328
2373.0	0.0199035847443
2374.0	0.0199253020234
2375.0	0.0199470332771
2376.0	0.0199667195274
2377.0	0.019990537647
2378.0	0.0200123107323
2379.0	0.0200340977304
2380.0	0.0200579696561
2381.0	0.0200818616733
2382.0	0.0201057737765
2383.0	0.0201297059602
2384.0	0.0201536582185
2385.0	0.0201797182691
2386.0	0.0202058052806
2387.0	0.020231919261
2388.0	0.0202580602183
2389.0	0.0202863306883
2390.0	0.020312529257
2391.0	0.0203408649601
2392.0	0.0203692352963
2393.0	0.0203976402915
2394.0	0.0204282023742
2395.0	0.0204588074911
2396.0	0.0204873246259
2397.0	0.0205186522021
2398.0	0.0205500255932
2399.0	0.0205812304321
2400.0	0.0206133398013
