1201.0	0.0155408027525
1202.0	0.0156862051227
1203.0	0.015833528662
1204.0	0.0159859958755
1205.0	0.0161373069681
1206.0	0.0162922819851
1207.0	0.0164490307526
1208.0	0.0166079141595
1209.0	0.0167703384901
1210.0	0.0169350141331
1211.0	0.0171016303888
1212.0	0.0172709281041
1213.0	0.0174418791643
1214.0	0.0176170680876
1215.0	0.01779289182
1216.0	0.0179708285243
1217.0	0.0181532113117
1218.0	0.0183354981537
1219.0	0.0185227570593
1220.0	0.018709927188
1221.0	0.0188997853985
1222.0	0.0190944489713
1223.0	0.0192890295958
1224.0	0.0194864304094
1225.0	0.0196841128761
1226.0	0.0198864011193
1227.0	0.0200894225058
1228.0	0.0202971999823
1229.0	0.0205048270533
1230.0	0.0207131492753
1231.0	0.020926371801
1232.0	0.0211398422603
1233.0	0.0213539783543
1234.0	0.0215726814222
1235.0	0.0217915654648
1236.0	0.0220105573744
1237.0	0.0222347430369
1238.0	0.0224564167683
1239.0	0.0226833571791
1240.0	0.0229103246425
1241.0	0.0231372384482
1242.0	0.0233667906243
1243.0	0.0235990162782
1244.0	0.0238305240118
1245.0	0.0240617814657
1246.0	0.0242956364031
1247.0	0.0245291428932
1248.0	0.0247652285413
1249.0	0.0250002499962
1250.0	0.0252347071444
