551.0	0.0168676729615
552.0	0.0169440267431
553.0	0.0170234478556
554.0	0.0171046219594
555.0	0.017190327261
556.0	0.0172778788329
557.0	0.0173687019696
558.0	0.0174628585489
559.0	0.0175604134441
560.0	0.0176614346322
561.0	0.0177645562067
562.0	0.0178712662666
563.0	0.0179816414078
564.0	0.0180957617772
565.0	0.0182107384365
566.0	0.0183310776562
567.0	0.0184553961784
568.0	0.0185807324735
569.0	0.0187101814534
570.0	0.0188438427178
571.0	0.0189802472111
572.0	0.0191226337558
573.0	0.0192647404681
574.0	0.0194114008169
575.0	0.0195643737218
576.0	0.0197172033814
577.0	0.0198748844489
578.0	0.0200358523282
579.0	0.0202019006205
580.0	0.0203696995571
581.0	0.0205410286049
582.0	0.020715974157
583.0	0.0208946255098
584.0	0.021077074977
585.0	0.0212634180104
586.0	0.0214518873894
587.0	0.0216444037835
588.0	0.0218429846534
589.0	0.0220419963213
590.0	0.0222472909652
591.0	0.0224530904267
592.0	0.0226633869573
593.0	0.0228782995996
594.0	0.0230958812029
595.0	0.0233182731644
596.0	0.0235413510817
597.0	0.0237693860954
598.0	0.0240003270225
599.0	0.0242364380665
600.0	0.024473366919
