851.0	0.0156646002673
852.0	0.0157768534634
853.0	0.0158929048378
854.0	0.0160128535256
855.0	0.016136803297
856.0	0.0162620388557
857.0	0.0163928607868
858.0	0.0165265452572
859.0	0.0166631630445
860.0	0.0168027873645
861.0	0.0169469914096
862.0	0.0170943933295
863.0	0.0172466113032
864.0	0.0174022349972
865.0	0.0175613546312
866.0	0.0177240636702
867.0	0.0178920777654
868.0	0.0180639231323
869.0	0.0182380414034
870.0	0.0184178473075
871.0	0.0186018135405
872.0	0.0187917957422
873.0	0.0189862309781
874.0	0.019183458629
875.0	0.0193871661991
876.0	0.0195957300465
877.0	0.0198074203906
878.0	0.0200261083191
879.0	0.0202481691507
880.0	0.0204776058677
881.0	0.0207086832983
882.0	0.0209495108309
883.0	0.0211922015094
884.0	0.0214409406888
885.0	0.0216959212209
886.0	0.0219573439965
887.0	0.0222232025775
888.0	0.0224935962739
889.0	0.0227732180406
890.0	0.0230577478963
891.0	0.023349680238
892.0	0.0236468395561
893.0	0.0239518200291
894.0	0.0242598542414
895.0	0.0245786287189
896.0	0.0249033448097
897.0	0.0252341489323
898.0	0.0255711920178
899.0	0.0259174012004
900.0	0.0262702754105
