651.0	0.0186569990926
652.0	0.018770128476
653.0	0.0188799027772
654.0	0.0189883392856
655.0	0.0190932686088
656.0	0.0191924595913
657.0	0.0192922497249
658.0	0.0193883011578
659.0	0.0194783464705
660.0	0.0195666617513
661.0	0.0196509998838
662.0	0.0197312878778
663.0	0.0198096897018
664.0	0.0198816834687
665.0	0.0199516835658
666.0	0.020017396667
667.0	0.020078766873
668.0	0.0201357424615
669.0	0.0201882759918
670.0	0.0202386186175
671.0	0.0202821489888
672.0	0.02032342601
673.0	0.0203578139103
674.0	0.0203899012754
675.0	0.0204173604136
676.0	0.0204424921992
677.0	0.0204606477741
678.0	0.0204764563455
679.0	0.0204852723173
680.0	0.0204917375755
681.0	0.0204935348787
682.0	0.0204906727091
683.0	0.0204831642681
684.0	0.0204733376867
685.0	0.0204588965736
686.0	0.0204398657018
687.0	0.0204162743692
688.0	0.0203904458787
689.0	0.0203578320791
690.0	0.020325321529
691.0	0.0202861102397
692.0	0.0202447880142
693.0	0.0201991299217
694.0	0.0201491902433
695.0	0.0200950270522
696.0	0.0200411379702
697.0	0.019980899143
698.0	0.0199188010667
699.0	0.0198526937582
700.0	0.0197848180625
