2351.0	0.0187075011745
2352.0	0.0187492427761
2353.0	0.0187878043143
2354.0	0.0188297737779
2355.0	0.0188718629646
2356.0	0.0189140723124
2357.0	0.0189597428868
2358.0	0.0190022043955
2359.0	0.0190481500224
2360.0	0.0190942397206
2361.0	0.0191404740716
2362.0	0.01918685366
2363.0	0.019233379073
2364.0	0.0192834723718
2365.0	0.0193337370838
2366.0	0.0193841739666
2367.0	0.0194347837823
2368.0	0.019485567297
2369.0	0.0195400115681
2370.0	0.0195911577539
2371.0	0.0196459932278
2372.0	0.0197010326799
2373.0	0.0197562770935
2374.0	0.0198152839207
2375.0	0.0198745271485
2376.0	0.0199304210445
2377.0	0.0199937277344
2378.0	0.020053687577
2379.0	0.0201138887889
2380.0	0.020177982575
2381.0	0.0202423526847
2382.0	0.0203070006689
2383.0	0.0203719280893
2384.0	0.0204371365186
2385.0	0.0205063630195
2386.0	0.0205759091435
2387.0	0.0206457768155
2388.0	0.0207159679747
2389.0	0.0207902947082
2390.0	0.0208611574125
2391.0	0.0209361983257
2392.0	0.0210116096851
2393.0	0.0210873938802
2394.0	0.0211674635112
2395.0	0.0212479527276
2396.0	0.0213249110593
2397.0	0.0214074187258
2398.0	0.021490367803
2399.0	0.0215733594206
2400.0	0.0216584110624
