2101.0	0.0168824427066
2102.0	0.0169809299512
2103.0	0.0170819156204
2104.0	0.017183753561
2105.0	0.0172864532579
2106.0	0.0173917532568
2107.0	0.0174997096511
2108.0	0.0176086197425
2109.0	0.0177184946491
2110.0	0.0178311388082
2111.0	0.0179448037212
2112.0	0.0180613287254
2113.0	0.0181789336842
2114.0	0.0182976318162
2115.0	0.0184193169226
2116.0	0.0185421587437
2117.0	0.0186661718068
2118.0	0.0187933074326
2119.0	0.0189216825684
2120.0	0.0190513131865
2121.0	0.0191842114025
2122.0	0.019318438522
2123.0	0.0194540121154
2124.0	0.0195909500427
2125.0	0.0197313503748
2126.0	0.019873195268
2127.0	0.0200165043833
2128.0	0.0201612977155
2129.0	0.0203097655964
2130.0	0.0204576119405
2131.0	0.0206092220082
2132.0	0.020762448211
2133.0	0.0209173133501
2134.0	0.0210738406281
2135.0	0.0212343702472
2136.0	0.0213943187366
2137.0	0.0215583705436
2138.0	0.0217242351304
2139.0	0.0218895162685
2140.0	0.0220590588466
2141.0	0.0222304948344
2142.0	0.0224038522369
2143.0	0.0225791595768
2144.0	0.0227564459057
2145.0	0.022935740816
2146.0	0.0231170744531
2147.0	0.0233004775279
2148.0	0.0234832948511
2149.0	0.0236708996339
2150.0	0.0238606690205
