701.0	0.0226790040555
702.0	0.0225945162537
703.0	0.022505696782
704.0	0.0224150691433
705.0	0.0223226761975
706.0	0.0222285610995
707.0	0.0221303859294
708.0	0.0220282475912
709.0	0.0219245899282
710.0	0.0218194579654
711.0	0.0217128967678
712.0	0.0216049514062
713.0	0.0214933972689
714.0	0.0213828377153
715.0	0.0212687979922
716.0	0.0211535928539
717.0	0.021039458864
718.0	0.0209220375763
719.0	0.0208035848456
720.0	0.0206862771041
721.0	0.0205658736879
722.0	0.0204466628122
723.0	0.020326555289
724.0	0.0202055938391
725.0	0.0200838208205
726.0	0.0199632912929
727.0	0.0198419940571
728.0	0.0197199701917
729.0	0.0195992145979
730.0	0.0194797091226
731.0	0.0193576039058
732.0	0.0192367891834
733.0	0.019117246189
734.0	0.0189970977056
735.0	0.0188782215216
736.0	0.0187587776551
737.0	0.0186406059173
738.0	0.0185236876767
739.0	0.0184080046466
740.0	0.0182935388775
741.0	0.0181785410252
742.0	0.0180664743861
743.0	0.0179538754382
744.0	0.0178424585192
745.0	0.0177322065614
746.0	0.0176247502266
747.0	0.0175183934541
748.0	0.01741150508
749.0	0.0173073167858
750.0	0.0172041821939
