1001.0	0.0193660831597
1002.0	0.0194568789045
1003.0	0.0195444127682
1004.0	0.0196286174632
1005.0	0.0197055841728
1006.0	0.0197790539212
1007.0	0.019848969795
1008.0	0.0199152776231
1009.0	0.0199779260733
1010.0	0.0200329364599
1011.0	0.0200881096683
1012.0	0.0201355319323
1013.0	0.0201790978063
1014.0	0.0202187748539
1015.0	0.0202545339892
1016.0	0.0202823574469
1017.0	0.0203102008924
1018.0	0.0203340609234
1019.0	0.0203499161691
1020.0	0.0203617568207
1021.0	0.0203735863075
1022.0	0.0203773867431
1023.0	0.0203811746722
1024.0	0.0203769403198
1025.0	0.0203727016067
1026.0	0.0203604662682
1027.0	0.0203482440885
1028.0	0.0203320517353
1029.0	0.0203119092414
1030.0	0.0202878400302
1031.0	0.0202598708646
1032.0	0.0202319769102
1033.0	0.0202002227878
1034.0	0.020164641638
1035.0	0.0201252697408
1036.0	0.0200821464426
1037.0	0.020039193565
1038.0	0.0199925449364
1039.0	0.0199460943311
1040.0	0.0198960069986
1041.0	0.0198423304633
1042.0	0.0197889128438
1043.0	0.0197319715862
1044.0	0.0196715591686
1045.0	0.019615214738
1046.0	0.0195517079592
1047.0	0.019488560333
1048.0	0.0194257690261
1049.0	0.019359667461
1050.0	0.0192939563494
