2301.0	0.0191669803916
2302.0	0.0192018912954
2303.0	0.019236879091
2304.0	0.019271943992
2305.0	0.0193070862126
2306.0	0.0193390406466
2307.0	0.0193743299196
2308.0	0.0194064161562
2309.0	0.0194418532517
2310.0	0.0194740719759
2311.0	0.0195063534593
2312.0	0.0195420095699
2313.0	0.0195744245554
2314.0	0.019606902779
2315.0	0.0196394443947
2316.0	0.0196720495568
2317.0	0.0197047184204
2318.0	0.0197374511407
2319.0	0.0197702478735
2320.0	0.0197997362977
2321.0	0.0198326538392
2322.0	0.019865635843
2323.0	0.0198986824669
2324.0	0.0199317938688
2325.0	0.0199649702074
2326.0	0.0199982116416
2327.0	0.0200315183308
2328.0	0.0200648904352
2329.0	0.020098328115
2330.0	0.0201352817883
2331.0	0.0201688589941
2332.0	0.0202025022806
2333.0	0.0202396867005
2334.0	0.0202734705935
2335.0	0.020310812804
2336.0	0.0203447380446
2337.0	0.0203822388847
2338.0	0.0204198238347
2339.0	0.0204539665328
2340.0	0.0204952470179
2341.0	0.0205295410804
2342.0	0.020571009509
2343.0	0.0206090185971
2344.0	0.0206471132363
2345.0	0.0206888756772
2346.0	0.0207307434483
2347.0	0.0207691146203
2348.0	0.0208111838854
2349.0	0.0208569821288
2350.0	0.0208992746136
