1101.0	0.0200440697673
1102.0	0.0200046486548
1103.0	0.0199687357645
1104.0	0.0199329436156
1105.0	0.0199006161577
1106.0	0.0198717239246
1107.0	0.0198429123824
1108.0	0.0198175003053
1109.0	0.0197954637893
1110.0	0.0197767815844
1111.0	0.0197581344878
1112.0	0.0197395224007
1113.0	0.0197242335188
1114.0	0.0197122518737
1115.0	0.0197035640301
1116.0	0.0196948816949
1117.0	0.0196894786024
1118.0	0.0196873463221
1119.0	0.0196884788861
1120.0	0.0196896025823
1121.0	0.0196939864442
1122.0	0.0196983599308
1123.0	0.0197092620517
1124.0	0.0197201556017
1125.0	0.0197343138145
1126.0	0.0197517428985
1127.0	0.0197691716945
1128.0	0.0197898828926
1129.0	0.0198138875938
1130.0	0.0198411993672
1131.0	0.019868535548
1132.0	0.0199025051388
1133.0	0.0199365239449
1134.0	0.0199739118244
1135.0	0.0200113640131
1136.0	0.0200555542251
1137.0	0.0200964972296
1138.0	0.0201442336879
1139.0	0.0201954581426
1140.0	0.0202502050957
1141.0	0.0203051187734
1142.0	0.0203636052259
1143.0	0.0204222852976
1144.0	0.0204880262621
1145.0	0.02055401938
1146.0	0.0206237306903
1147.0	0.0206937280203
1148.0	0.0207710098562
1149.0	0.0208486495694
1150.0	0.0209301854403
