2051.0	0.0188220358722
2052.0	0.0188525621348
2053.0	0.0188844735194
2054.0	0.0189177793094
2055.0	0.0189511486951
2056.0	0.0189859256032
2057.0	0.0190221202947
2058.0	0.0190597435179
2059.0	0.0190974517144
2060.0	0.0191366036093
2061.0	0.0191758484933
2062.0	0.0192179194883
2063.0	0.0192601000973
2064.0	0.0193023906706
2065.0	0.0193475501061
2066.0	0.0193928376607
2067.0	0.0194396423201
2068.0	0.0194865852446
2069.0	0.0195350650385
2070.0	0.0195850968675
2071.0	0.0196366964757
2072.0	0.0196884664746
2073.0	0.0197418265526
2074.0	0.0197953691568
2075.0	0.0198505251016
2076.0	0.0199073120997
2077.0	0.0199657484978
2078.0	0.0200244053252
2079.0	0.0200847376488
2080.0	0.0201467652274
2081.0	0.0202090415205
2082.0	0.0202730412448
2083.0	0.0203373053953
2084.0	0.020403322325
2085.0	0.0204711141288
2086.0	0.0205392023661
2087.0	0.0206090971224
2088.0	0.0206808221311
2089.0	0.0207528782388
2090.0	0.0208267986986
2091.0	0.0209010697055
2092.0	0.0209772405694
2093.0	0.0210537823263
2094.0	0.0211322609088
2095.0	0.0212127038299
2096.0	0.0212935585318
2097.0	0.0213764173816
2098.0	0.0214597111573
2099.0	0.0215450505365
2100.0	0.0216308490641
