1701.0	0.0198658281394
1702.0	0.019856340887
1703.0	0.0198489216193
1704.0	0.0198415070565
1705.0	0.0198340971952
1706.0	0.0198277192347
1707.0	0.0198213442969
1708.0	0.0198170238433
1709.0	0.0198127035516
1710.0	0.0198094080052
1711.0	0.0198061114381
1712.0	0.0198038374047
1713.0	0.0198025844844
1714.0	0.0198033744127
1715.0	0.019804160175
1716.0	0.0198049417771
1717.0	0.0198077638718
1718.0	0.0198116035468
1719.0	0.0198164608054
1720.0	0.0198223358867
1721.0	0.0198292292654
1722.0	0.0198371416521
1723.0	0.019846073993
1724.0	0.0198560274708
1725.0	0.0198680281529
1726.0	0.0198800290295
1727.0	0.0198940821611
1728.0	0.0199091652698
1729.0	0.0199252809666
1730.0	0.0199434611033
1731.0	0.0199626820757
1732.0	0.0199829474645
1733.0	0.0200042610975
1734.0	0.0200276613791
1735.0	0.0200521214204
1736.0	0.0200786837338
1737.0	0.0201063193236
1738.0	0.0201350337837
1739.0	0.0201648329712
1740.0	0.02019781439
1741.0	0.0202308540382
1742.0	0.0202660528249
1743.0	0.020302372488
1744.0	0.0203408764295
1745.0	0.0203805225303
1746.0	0.0204223807902
1747.0	0.0204654047466
1748.0	0.0205106715647
1749.0	0.0205571299458
1750.0	0.020604790306
