2701.0	0.0198067862799
2702.0	0.0198125308024
2703.0	0.0198184693025
2704.0	0.0198243928715
2705.0	0.0198307197192
2706.0	0.0198370318324
2707.0	0.0198435384331
2708.0	0.0198500303866
2709.0	0.0198569264205
2710.0	0.019863808036
2711.0	0.019870884731
2712.0	0.0198781567041
2713.0	0.0198854144877
2714.0	0.0198928678105
2715.0	0.0199005168875
2716.0	0.0199083619425
2717.0	0.0199161932012
2718.0	0.0199242207315
2719.0	0.0199322345906
2720.0	0.0199406552998
2721.0	0.0199490626531
2722.0	0.0199574566247
2723.0	0.0199662583126
2724.0	0.0199748362919
2725.0	0.0199838225273
2726.0	0.0199927958677
2727.0	0.0200019672593
2728.0	0.0200111259102
2729.0	0.0200204829816
2730.0	0.0200298274713
2731.0	0.0200393707614
2732.0	0.0200491131599
2733.0	0.0200588433385
2734.0	0.0200685612675
2735.0	0.0200786906704
2736.0	0.020088596237
2737.0	0.0200987018145
2738.0	0.0201087954939
2739.0	0.0201190896074
2740.0	0.0201295844963
2741.0	0.0201398552725
2742.0	0.0201503270123
2743.0	0.0201610000649
2744.0	0.0201716617838
2745.0	0.0201823121368
2746.0	0.0201931643558
2747.0	0.0202037920092
2748.0	0.0202148352563
2749.0	0.020225653872
2750.0	0.0202366750194
