1851.0	0.0165341896987
1852.0	0.016666388203
1853.0	0.0168001030005
1854.0	0.0169341867692
1855.0	0.0170686216502
1856.0	0.0172045870409
1857.0	0.0173421059921
1858.0	0.0174799759441
1859.0	0.0176181777254
1860.0	0.0177579462958
1861.0	0.0178980358858
1862.0	0.0180384261653
1863.0	0.0181790963284
1864.0	0.0183213384553
1865.0	0.0184638472768
1866.0	0.0186066007873
1867.0	0.0187509352289
1868.0	0.0188954994981
1869.0	0.0190402703581
1870.0	0.0191852240814
1871.0	0.0193303364516
1872.0	0.0194755827649
1873.0	0.0196223900452
1874.0	0.0197678439827
1875.0	0.0199148389195
1876.0	0.0200618961902
1877.0	0.020207472661
1878.0	0.020354557134
1879.0	0.0205016216483
1880.0	0.020648637847
1881.0	0.0207955769093
1882.0	0.0209424095563
1883.0	0.0210874923213
1884.0	0.0212340060889
1885.0	0.0213803228996
1886.0	0.021526411718
1887.0	0.0216705617428
1888.0	0.0218160833058
1889.0	0.0219612812789
1890.0	0.0221043943543
1891.0	0.0222470853396
1892.0	0.0223910821057
1893.0	0.0225328447026
1894.0	0.0226740840367
1895.0	0.0228147657425
1896.0	0.022954855156
1897.0	0.0230924748857
1898.0	0.0232312584543
1899.0	0.0233674696696
1900.0	0.0235048057027
