751.0	0.0223067138267
752.0	0.022176777919
753.0	0.0220481248748
754.0	0.0219227344537
755.0	0.0217985554961
756.0	0.0216755718538
757.0	0.0215557110672
758.0	0.0214389056118
759.0	0.0213212709708
760.0	0.0212085219426
761.0	0.0210967930709
762.0	0.0209860715872
763.0	0.0208800356167
764.0	0.0207730903233
765.0	0.0206725313267
766.0	0.0205710117
767.0	0.0204739257456
768.0	0.0203776332581
769.0	0.020283885325
770.0	0.0201943807166
771.0	0.0201055652318
772.0	0.0200208765003
773.0	0.0199385244491
774.0	0.0198567682827
775.0	0.0197789782041
776.0	0.0197050824987
777.0	0.0196316781611
778.0	0.0195620750461
779.0	0.0194929139861
780.0	0.019429105472
781.0	0.0193656749495
782.0	0.0193042397633
783.0	0.0192463828391
784.0	0.0191904474466
785.0	0.0191380037152
786.0	0.0190874147312
787.0	0.0190386567076
788.0	0.0189932822451
789.0	0.018951250083
790.0	0.0189109583209
791.0	0.0188739457061
792.0	0.0188386254719
793.0	0.0188065282835
794.0	0.0187776239501
795.0	0.0187503461031
796.0	0.0187262160248
797.0	0.0187052098699
798.0	0.0186857783088
799.0	0.0186694359587
800.0	0.0186561650031
