601.0	0.0156990236715
602.0	0.0158544040316
603.0	0.0160118166084
604.0	0.0161697900616
605.0	0.0163313501805
606.0	0.0164934992804
607.0	0.0166593496733
608.0	0.016825818659
609.0	0.0169944922617
610.0	0.0171654084904
611.0	0.017336943884
612.0	0.0175090670524
613.0	0.017685164574
614.0	0.0178618803659
615.0	0.0180409397783
616.0	0.0182205995814
617.0	0.0184008251243
618.0	0.0185834147596
619.0	0.0187665489098
620.0	0.0189501904201
621.0	0.0191362129247
622.0	0.0193227180491
623.0	0.0195077011702
624.0	0.0196950245094
625.0	0.0198827080001
626.0	0.0200707088138
627.0	0.0202589831005
628.0	0.0204474859951
629.0	0.0206361716267
630.0	0.0208249931275
631.0	0.0210139026443
632.0	0.0212006411047
633.0	0.0213873136404
634.0	0.0215738693016
635.0	0.0217602562469
636.0	0.0219464217622
637.0	0.0221299643848
638.0	0.0223131225409
639.0	0.0224934387717
640.0	0.0226732050008
641.0	0.0228499088757
642.0	0.0230283776342
643.0	0.0232011069344
644.0	0.0233729505103
645.0	0.02354384983
646.0	0.0237111601509
647.0	0.0238747464966
648.0	0.0240371104543
649.0	0.0241955336825
650.0	0.0243498853476
