1501.0	0.0153675893029
1502.0	0.0155105328296
1503.0	0.0156558551482
1504.0	0.0158040919246
1505.0	0.0159548289455
1506.0	0.0161081229555
1507.0	0.0162645355139
1508.0	0.0164231275535
1509.0	0.0165849748111
1510.0	0.01674911292
1511.0	0.0169166508627
1512.0	0.01708713887
1513.0	0.0172600979778
1514.0	0.017436132858
1515.0	0.0176153172942
1516.0	0.0177971530549
1517.0	0.0179816921318
1518.0	0.018169579757
1519.0	0.0183602968093
1520.0	0.0185545102477
1521.0	0.0187510665422
1522.0	0.0189512559321
1523.0	0.0191545293894
1524.0	0.0193603000747
1525.0	0.0195699219381
1526.0	0.0197821507967
1527.0	0.019998385359
1528.0	0.0202173426221
1529.0	0.0204390604595
1530.0	0.0206642924538
1531.0	0.0208931125042
1532.0	0.0211241189904
1533.0	0.0213595694797
1534.0	0.0215972898818
1535.0	0.0218388373082
1536.0	0.0220827164125
1537.0	0.0223305358831
1538.0	0.0225815653421
1539.0	0.0228358508181
1540.0	0.0230925968919
1541.0	0.0233535212518
1542.0	0.0236169732541
1543.0	0.0238838431361
1544.0	0.0241541797087
1545.0	0.0244271178035
1546.0	0.0247035918117
1547.0	0.0249827064357
1548.0	0.0252644652449
1549.0	0.0255498481585
1550.0	0.0258379123474
