1951.0	0.0195461498069
1952.0	0.0195774430315
1953.0	0.0196087921776
1954.0	0.0196384792888
1955.0	0.0196682154185
1956.0	0.0196962758781
1957.0	0.0197226510147
1958.0	0.0197490624335
1959.0	0.0197737765451
1960.0	0.0197967849737
1961.0	0.0198198185952
1962.0	0.0198411362579
1963.0	0.0198624742187
1964.0	0.0198820868114
1965.0	0.0199017152348
1966.0	0.0199196097608
1967.0	0.0199357646599
1968.0	0.0199536808765
1969.0	0.0199680990809
1970.0	0.0199842786101
1971.0	0.0199987084152
1972.0	0.0200113841275
1973.0	0.0200258226235
1974.0	0.0200367427242
1975.0	0.020049425607
1976.0	0.0200603470387
1977.0	0.020071268637
1978.0	0.0200821904006
1979.0	0.0200913457386
1980.0	0.020100499484
1981.0	0.0201096516357
1982.0	0.0201188021928
1983.0	0.020126181755
1984.0	0.0201353283597
1985.0	0.020142702681
1986.0	0.0201500741181
1987.0	0.0201574426709
1988.0	0.0201648083391
1989.0	0.0201721711227
1990.0	0.0201777579423
1991.0	0.0201851144319
1992.0	0.0201924680367
1993.0	0.0201998187567
1994.0	0.0202071665916
1995.0	0.0202127360783
1996.0	0.0202200776203
1997.0	0.0202274162771
1998.0	0.0202347520487
1999.0	0.0202420849349
2000.0	0.0202494149355
