1551.0	0.0157156628683
1552.0	0.015878112526
1553.0	0.0160423968031
1554.0	0.0162073500659
1555.0	0.0163741438841
1556.0	0.0165421873583
1557.0	0.016710852869
1558.0	0.0168813644296
1559.0	0.0170524631946
1560.0	0.0172247604187
1561.0	0.0173982462044
1562.0	0.017572910006
1563.0	0.0177480627451
1564.0	0.017923662825
1565.0	0.0181010628079
1566.0	0.0182788634368
1567.0	0.0184570198448
1568.0	0.0186362141118
1569.0	0.0188156913041
1570.0	0.018996151941
1571.0	0.0191768184039
1572.0	0.0193576400219
1573.0	0.0195393454061
1574.0	0.01972112223
1575.0	0.0199029163218
1576.0	0.0200846723117
1577.0	0.0202671571191
1578.0	0.0204495112553
1579.0	0.0206308307021
1580.0	0.0208127351228
1581.0	0.0209943291571
1582.0	0.0211755507014
1583.0	0.0213572256934
1584.0	0.0215366226318
1585.0	0.0217172547322
1586.0	0.0218963555312
1587.0	0.0220747580375
1588.0	0.0222523942702
1589.0	0.0224291953996
1590.0	0.0226050917899
1591.0	0.0227800130444
1592.0	0.0229538880528
1593.0	0.0231266450406
1594.0	0.0232982116204
1595.0	0.0234674945576
1596.0	0.0236364502625
1597.0	0.0238029537354
1598.0	0.0239690032914
1599.0	0.0241324307718
1600.0	0.0242942031394
