1251.0	0.0165758893028
1252.0	0.0167296939235
1253.0	0.0168846766645
1254.0	0.0170391323516
1255.0	0.0171929932585
1256.0	0.0173461906341
1257.0	0.017500427998
1258.0	0.0176539065002
1259.0	0.0178083732801
1260.0	0.017960140744
1261.0	0.0181127958779
1262.0	0.0182639737843
1263.0	0.0184145372179
1264.0	0.0185634613381
1265.0	0.0187126074607
1266.0	0.0188609606618
1267.0	0.0190074604054
1268.0	0.0191535281384
1269.0	0.0192975858205
1270.0	0.0194405709619
1271.0	0.0195824209273
1272.0	0.0197220181616
1273.0	0.0198608650445
1274.0	0.0199973003926
1275.0	0.0201323153611
1276.0	0.0202647497804
1277.0	0.0203956162494
1278.0	0.020524851536
1279.0	0.0206512656411
1280.0	0.0207759028113
1281.0	0.020898127567
1282.0	0.0210178636526
1283.0	0.0211350356869
1284.0	0.0212495692641
1285.0	0.0213619823998
1286.0	0.0214716202259
1287.0	0.0215784115373
1288.0	0.021681682502
1289.0	0.0217825687375
1290.0	0.021881015381
1291.0	0.0219757373413
1292.0	0.022067898405
1293.0	0.0221568247911
1294.0	0.022242456486
1295.0	0.0223247354953
1296.0	0.0224042383784
1297.0	0.0224802849244
1298.0	0.0225528232784
1299.0	0.0226224448971
1300.0	0.022688466819
