2601.0	0.0190437803108
2602.0	0.019083657042
2603.0	0.0191236394809
2604.0	0.0191631972777
2605.0	0.0192028583805
2606.0	0.0192420893502
2607.0	0.0192808859258
2608.0	0.019319780672
2609.0	0.0193587739032
2610.0	0.019397326095
2611.0	0.0194359743601
2612.0	0.0194747190009
2613.0	0.0195130159571
2614.0	0.0195514068687
2615.0	0.0195893446749
2616.0	0.0196279228578
2617.0	0.0196660455077
2618.0	0.0197042602552
2619.0	0.0197420140409
2620.0	0.0197804123163
2621.0	0.0198183471886
2622.0	0.0198563722663
2623.0	0.0198950471548
2624.0	0.0199332549588
2625.0	0.0199715537852
2626.0	0.0200099439069
2627.0	0.0200484255976
2628.0	0.020086999132
2629.0	0.020125664786
2630.0	0.0201644228362
2631.0	0.0202038450983
2632.0	0.0202427903198
2633.0	0.0202824034351
2634.0	0.0203221132024
2635.0	0.0203619199191
2636.0	0.0204018238833
2637.0	0.0204418253947
2638.0	0.0204825073821
2639.0	0.0205232907545
2640.0	0.0205641758309
2641.0	0.0206051629316
2642.0	0.0206468415857
2643.0	0.0206886262384
2644.0	0.0207311098251
2645.0	0.0207731091884
2646.0	0.0208164076177
2647.0	0.0208592225477
2648.0	0.0209033477093
2649.0	0.0209469901383
2650.0	0.0209913511073
