2851.0	0.0183306853285
2852.0	0.0184029056103
2853.0	0.0184755225573
2854.0	0.018547748547
2855.0	0.0186195729347
2856.0	0.0186917844276
2857.0	0.0187635818653
2858.0	0.0188349544971
2859.0	0.0189058915601
2860.0	0.0189763822825
2861.0	0.0190472374474
2862.0	0.0191168075138
2863.0	0.0191875595559
2864.0	0.0192570047969
2865.0	0.0193259583647
2866.0	0.0193952528623
2867.0	0.0194640426486
2868.0	0.019532316825
2869.0	0.0196009209534
2870.0	0.0196681355338
2871.0	0.0197356668683
2872.0	0.0198026475981
2873.0	0.0198699403643
2874.0	0.0199366692218
2875.0	0.0200019412449
2876.0	0.0200683915394
2877.0	0.0201333632473
2878.0	0.0201986220645
2879.0	0.0202632709236
2880.0	0.0203282018095
2881.0	0.020391602354
2882.0	0.0204552715178
2883.0	0.0205182956766
2884.0	0.0205815832016
2885.0	0.0206442123025
2886.0	0.020706172233
2887.0	0.020768383484
2888.0	0.0208299121592
2889.0	0.020890747585
2890.0	0.0209518222074
2891.0	0.0210121902149
2892.0	0.0210718410249
2893.0	0.0211317188589
2894.0	0.0211908661966
2895.0	0.0212502350005
2896.0	0.0213088600204
2897.0	0.0213667308189
2898.0	0.0214248108658
2899.0	0.0214821235114
2900.0	0.0215396397729
