1601.0	0.017890607634
1602.0	0.0180071734968
1603.0	0.0181207641856
1604.0	0.0182337248217
1605.0	0.0183452007032
1606.0	0.0184551372328
1607.0	0.0185634799967
1608.0	0.0186701748197
1609.0	0.0187743179808
1610.0	0.0188775488756
1611.0	0.0189789714013
1612.0	0.0190776631927
1613.0	0.0191753051212
1614.0	0.0192709824577
1615.0	0.019364644289
1616.0	0.0194562403963
1617.0	0.0195457213138
1618.0	0.0196330383857
1619.0	0.0197190557195
1620.0	0.0198019081302
1621.0	0.0198833787572
1622.0	0.0199625103928
1623.0	0.0200392588011
1624.0	0.0201145188939
1625.0	0.0201863774555
1626.0	0.0202566743037
1627.0	0.0203253834324
1628.0	0.020391522968
1629.0	0.0204550551555
1630.0	0.0205159436484
1631.0	0.0205760902968
1632.0	0.0206325675709
1633.0	0.0206872832426
1634.0	0.0207402166002
1635.0	0.0207903651482
1636.0	0.0208386856144
1637.0	0.0208851596842
1638.0	0.0209297697526
1639.0	0.0209715048503
1640.0	0.0210103412484
1641.0	0.0210482546691
1642.0	0.0210842368866
1643.0	0.0211172712294
1644.0	0.0211493495896
1645.0	0.0211784520212
1646.0	0.0212065798243
1647.0	0.0212317074826
1648.0	0.0212558446187
1649.0	0.0212769613104
1650.0	0.0212970743966
