1701.0	0.019966805244
1702.0	0.0199546091841
1703.0	0.0199443001173
1704.0	0.0199339979308
1705.0	0.0199237026193
1706.0	0.0199143491885
1707.0	0.0199050006917
1708.0	0.0198975236216
1709.0	0.0198900480243
1710.0	0.0198835056526
1711.0	0.0198769632316
1712.0	0.0198713511181
1713.0	0.0198666673208
1714.0	0.0198638393279
1715.0	0.0198610065114
1716.0	0.0198581688803
1717.0	0.0198571823836
1718.0	0.0198571171998
1719.0	0.0198579725126
1720.0	0.0198597476995
1721.0	0.0198624423305
1722.0	0.0198660561681
1723.0	0.019870589167
1724.0	0.0198760414741
1725.0	0.0198833411065
1726.0	0.0198906334786
1727.0	0.0198997751056
1728.0	0.0199098394166
1729.0	0.019920827712
1730.0	0.0199336713424
1731.0	0.0199474434623
1732.0	0.0199621461479
1733.0	0.0199777816708
1734.0	0.0199952855929
1735.0	0.0200137294642
1736.0	0.020034051616
1737.0	0.0200553224156
1738.0	0.0200775455273
1739.0	0.0201007248197
1740.0	0.0201267456728
1741.0	0.020152794981
1742.0	0.0201807605727
1743.0	0.0202097068809
1744.0	0.0202405868308
1745.0	0.0202724622557
1746.0	0.0203062908078
1747.0	0.0203411313292
1748.0	0.0203779466397
1749.0	0.0204157921957
1750.0	0.0204546753556
