1051.0	0.0218701147074
1052.0	0.021792166298
1053.0	0.0217146974188
1054.0	0.0216336558705
1055.0	0.0215531335542
1056.0	0.0214731258597
1057.0	0.0213896540718
1058.0	0.0213067366511
1059.0	0.021224368504
1060.0	0.0211425445965
1061.0	0.021061259953
1062.0	0.0209766591408
1063.0	0.0208964621907
1064.0	0.0208129877537
1065.0	0.0207300809472
1066.0	0.0206514896793
1067.0	0.0205659489579
1068.0	0.0204884187022
1069.0	0.0204077061242
1070.0	0.0203275353506
1071.0	0.0202479013547
1072.0	0.0201687991687
1073.0	0.0200902238833
1074.0	0.020015738567
1075.0	0.0199381802177
1076.0	0.0198646589048
1077.0	0.0197880993133
1078.0	0.019715524789
1079.0	0.0196468686874
1080.0	0.0195751830907
1081.0	0.0195073681979
1082.0	0.0194399588973
1083.0	0.0193729518196
1084.0	0.0193063436315
1085.0	0.0192434773954
1086.0	0.0191809669722
1087.0	0.0191188095577
1088.0	0.0190602965228
1089.0	0.0190020969634
1090.0	0.0189474704818
1091.0	0.018893120947
1092.0	0.0188390463926
1093.0	0.0187884614229
1094.0	0.0187381179687
1095.0	0.0186912031057
1096.0	0.0186444989361
1097.0	0.0186011669246
1098.0	0.01855801728
1099.0	0.0185181877173
1100.0	0.0184785145571
