1501.0	0.0156487352307
1502.0	0.0157853957538
1503.0	0.0159242159643
1504.0	0.016065707447
1505.0	0.0162094635947
1506.0	0.0163555330654
1507.0	0.0165044503884
1508.0	0.0166553043407
1509.0	0.0168091235766
1510.0	0.0169649737434
1511.0	0.0171239130729
1512.0	0.0172855016598
1513.0	0.0174492732105
1514.0	0.0176157998003
1515.0	0.0177851438213
1516.0	0.0179568211854
1517.0	0.0181308744413
1518.0	0.0183079111447
1519.0	0.0184874280019
1520.0	0.0186700514816
1521.0	0.0188546761377
1522.0	0.0190425198604
1523.0	0.0192330519552
1524.0	0.0194257080856
1525.0	0.0196217618553
1526.0	0.0198200266308
1527.0	0.020021815
1528.0	0.0202259057144
1529.0	0.0204323266045
1530.0	0.0206417784333
1531.0	0.0208543201634
1532.0	0.0210686258427
1533.0	0.0212868051184
1534.0	0.0215068090553
1535.0	0.021730087023
1536.0	0.0219552307353
1537.0	0.0221837339208
1538.0	0.0224149038504
1539.0	0.0226487734966
1540.0	0.0228845935879
1541.0	0.0231239511198
1542.0	0.0233653025692
1543.0	0.0236094645432
1544.0	0.0238564714042
1545.0	0.0241055131833
1546.0	0.0243574437316
1547.0	0.0246114270696
1548.0	0.024867458352
1549.0	0.0251264296981
1550.0	0.0253874643333
