1301.0	0.019825687722
1302.0	0.0198742568659
1303.0	0.0199196670599
1304.0	0.0199629891192
1305.0	0.0200031009485
1306.0	0.0200399766959
1307.0	0.0200741470395
1308.0	0.0201055940349
1309.0	0.0201343013901
1310.0	0.0201596973599
1311.0	0.0201828825194
1312.0	0.0202032893842
1313.0	0.0202203494493
1314.0	0.0202351725468
1315.0	0.0202477538496
1316.0	0.0202569698588
1317.0	0.0202633774404
1318.0	0.0202675356785
1319.0	0.0202694450646
1320.0	0.0202685476954
1321.0	0.0202654064712
1322.0	0.020259466792
1323.0	0.0202512936666
1324.0	0.0202408936858
1325.0	0.0202282745271
1326.0	0.0202134449455
1327.0	0.020196414762
1328.0	0.0201771948521
1329.0	0.0201563501023
1330.0	0.0201333381548
1331.0	0.0201081727039
1332.0	0.020081417713
1333.0	0.0200530846869
1334.0	0.0200226391825
1335.0	0.0199906432217
1336.0	0.0199571100347
1337.0	0.0199220533419
1338.0	0.0198854873423
1339.0	0.0198474267024
1340.0	0.0198084230441
1341.0	0.0197679517256
1342.0	0.0197265613568
1343.0	0.0196837315236
1344.0	0.0196394787251
1345.0	0.0195954004583
1346.0	0.0195493961941
1347.0	0.0195030577055
1348.0	0.0194553486528
1349.0	0.0194073238908
1350.0	0.0193584721117
