901.0	0.0136744107132
902.0	0.0138628902988
903.0	0.0140566117866
904.0	0.0142526177928
905.0	0.0144525193809
906.0	0.0146564190569
907.0	0.0148644227025
908.0	0.0150783486794
909.0	0.0152931831178
910.0	0.0155141697665
911.0	0.0157397204432
912.0	0.015969960047
913.0	0.0162031189312
914.0	0.0164411473446
915.0	0.0166841800781
916.0	0.0169323565949
917.0	0.0171816830668
918.0	0.0174383793837
919.0	0.0177005714911
920.0	0.0179662068251
921.0	0.0182352999667
922.0	0.0185101707714
923.0	0.0187909837564
924.0	0.0190754982658
925.0	0.019363728831
926.0	0.0196582074885
927.0	0.0199591139035
928.0	0.0202613664048
929.0	0.0205728802156
930.0	0.0208857667891
931.0	0.0212026701958
932.0	0.0215264761509
933.0	0.0218544417369
934.0	0.0221865746454
935.0	0.0225228802548
936.0	0.0228665049578
937.0	0.0232144456893
938.0	0.0235667042981
939.0	0.023919921479
940.0	0.0242841689584
941.0	0.0246458560008
942.0	0.0250152717035
943.0	0.0253889703499
944.0	0.0257669358477
945.0	0.0261491486944
946.0	0.0265355858524
947.0	0.0269262206245
948.0	0.0273210225282
949.0	0.0277157904368
950.0	0.0281144757015
