2001.0	0.0195734539356
2002.0	0.0195804289887
2003.0	0.0195891163587
2004.0	0.0195978020107
2005.0	0.0196064859437
2006.0	0.0196151681567
2007.0	0.0196255669586
2008.0	0.019635965688
2009.0	0.0196463643434
2010.0	0.0196567629234
2011.0	0.0196688837136
2012.0	0.0196810065276
2013.0	0.0196931313643
2014.0	0.0197069842298
2015.0	0.0197191142741
2016.0	0.0197347036952
2017.0	0.0197503007087
2018.0	0.0197659053175
2019.0	0.0197815175246
2020.0	0.0197988728434
2021.0	0.0198162392461
2022.0	0.0198353561887
2023.0	0.0198562299384
2024.0	0.0198753790681
2025.0	0.0198980358497
2026.0	0.0199189680528
2027.0	0.019941671071
2028.0	0.0199661526119
2029.0	0.0199906639889
2030.0	0.0200169651607
2031.0	0.0200433021043
2032.0	0.0200714411136
2033.0	0.0201013921054
2034.0	0.020131392224
2035.0	0.0201614415694
2036.0	0.020193320837
2037.0	0.0202270414901
2038.0	0.0202626157576
2039.0	0.0202964700607
2040.0	0.0203339841083
2041.0	0.0203715805856
2042.0	0.0204110665348
2043.0	0.0204524566288
2044.0	0.0204921322358
2045.0	0.0205355444982
2046.0	0.0205808979197
2047.0	0.0206263762402
2048.0	0.0206719798999
2049.0	0.0207213991266
2050.0	0.0207709682774
