2301.0	0.0191563722856
2302.0	0.0191916935748
2303.0	0.0192270940352
2304.0	0.0192625738911
2305.0	0.0192981333676
2306.0	0.0193304866032
2307.0	0.0193661976031
2308.0	0.0193986868156
2309.0	0.0194345501494
2310.0	0.019467176061
2311.0	0.0194998667737
2312.0	0.0195359558826
2313.0	0.0195687843649
2314.0	0.0196016781539
2315.0	0.0196346374126
2316.0	0.019667662304
2317.0	0.0197007529921
2318.0	0.0197339096409
2319.0	0.0197671324152
2320.0	0.0197970259993
2321.0	0.0198303736709
2322.0	0.019863787944
2323.0	0.0198972689855
2324.0	0.0199308169625
2325.0	0.0199644320426
2326.0	0.0199981143941
2327.0	0.0200318641858
2328.0	0.0200656815869
2329.0	0.0200995667671
2330.0	0.0201369948384
2331.0	0.0201710241529
2332.0	0.0202051217807
2333.0	0.0202427880029
2334.0	0.0202770309068
2335.0	0.0203148599741
2336.0	0.0203492489372
2337.0	0.0203872417347
2338.0	0.0204253213061
2339.0	0.0204599349637
2340.0	0.020501741775
2341.0	0.0205365117983
2342.0	0.0205785123613
2343.0	0.0206170295829
2344.0	0.0206556350969
2345.0	0.0206979387042
2346.0	0.0207403508261
2347.0	0.0207792415808
2348.0	0.0208218613983
2349.0	0.0208682418352
2350.0	0.0209110915783
