2951.0	0.0191193989595
2952.0	0.0191539571461
2953.0	0.0191885905878
2954.0	0.0192241900813
2955.0	0.0192589768979
2956.0	0.0192938395749
2957.0	0.0193287783133
2958.0	0.0193637933144
2959.0	0.0193988847804
2960.0	0.0194340529139
2961.0	0.0194692979185
2962.0	0.0195037110721
2963.0	0.0195391081095
2964.0	0.0195745826248
2965.0	0.0196101348241
2966.0	0.0196448467237
2967.0	0.0196805525618
2968.0	0.0197163366985
2969.0	0.0197521993422
2970.0	0.0197872131378
2971.0	0.0198232310464
2972.0	0.0198593280844
2973.0	0.0198955044629
2974.0	0.0199317603936
2975.0	0.0199680960891
2976.0	0.0200045117625
2977.0	0.0200410076275
2978.0	0.0200775838986
2979.0	0.0201142407911
2980.0	0.0201519301802
2981.0	0.0201887514128
2982.0	0.0202266105572
2983.0	0.0202635970285
2984.0	0.02030162686
2985.0	0.0203397436603
2986.0	0.0203769809307
2987.0	0.020415269835
2988.0	0.020453646432
2989.0	0.0204930854244
2990.0	0.0205316407317
2991.0	0.0205702844786
2992.0	0.0206099992286
2993.0	0.0206498082102
2994.0	0.0206887240085
2995.0	0.0207287195788
2996.0	0.0207688101994
2997.0	0.0208099919645
2998.0	0.0208502762463
2999.0	0.0208906564233
3000.0	0.0209321368705
