1751.0	0.0181848998958
1752.0	0.018231006432
1753.0	0.0182782157593
1754.0	0.0183274993904
1755.0	0.0183779153123
1756.0	0.0184294753881
1757.0	0.0184831638293
1758.0	0.0185390053428
1759.0	0.0185960453625
1760.0	0.0186542977463
1761.0	0.018714765942
1762.0	0.0187774784194
1763.0	0.0188414661319
1764.0	0.0189067451516
1765.0	0.0189743406955
1766.0	0.0190442853435
1767.0	0.0191145741257
1768.0	0.0191882838665
1769.0	0.0192623753201
1770.0	0.0193389239044
1771.0	0.0194179676053
1772.0	0.0194984971424
1773.0	0.0195805343965
1774.0	0.0196651634185
1775.0	0.019751358924
1776.0	0.0198391449635
1777.0	0.0199296283871
1778.0	0.0200206772805
1779.0	0.0201155862145
1780.0	0.0202111141601
1781.0	0.0203094903326
1782.0	0.0204107670482
1783.0	0.0205127421388
1784.0	0.0206165582852
1785.0	0.0207233917639
1786.0	0.0208321472034
1787.0	0.0209428582119
1788.0	0.0210567309333
1789.0	0.0211714667644
1790.0	0.0212894551047
1791.0	0.0214083620478
1792.0	0.0215306170149
1793.0	0.0216538493381
1794.0	0.0217805301965
1795.0	0.0219094917439
1796.0	0.0220407773517
1797.0	0.0221731686012
1798.0	0.0223092259567
1799.0	0.0224464588547
1800.0	0.0225874752565
