1651.0	0.0199468401625
1652.0	0.0199679016196
1653.0	0.0199879213488
1654.0	0.020005836168
1655.0	0.0200226997847
1656.0	0.0200374478895
1657.0	0.0200511373122
1658.0	0.0200627031307
1659.0	0.0200721417534
1660.0	0.0200805139136
1661.0	0.0200878185779
1662.0	0.0200940549681
1663.0	0.0200992225611
1664.0	0.0201022572477
1665.0	0.0201042230994
1666.0	0.0201051206125
1667.0	0.020106013635
1668.0	0.0201047765587
1669.0	0.0201024740704
1670.0	0.0200991076786
1671.0	0.0200946791425
1672.0	0.0200902507302
1673.0	0.0200847628533
1674.0	0.0200771590929
1675.0	0.020070617973
1676.0	0.0200630230597
1677.0	0.0200543770961
1678.0	0.0200457379159
1679.0	0.0200360516593
1680.0	0.0200253215495
1681.0	0.0200146024998
1682.0	0.0200049448714
1683.0	0.0199931975124
1684.0	0.0199825115406
1685.0	0.0199707897218
1686.0	0.0199580357308
1687.0	0.0199473861234
1688.0	0.0199346612264
1689.0	0.0199229939105
1690.0	0.0199113398552
1691.0	0.0198986597135
1692.0	0.0198870333288
1693.0	0.0198754201347
1694.0	0.0198638201084
1695.0	0.0198522332277
1696.0	0.0198406594699
1697.0	0.0198301308629
1698.0	0.0198196130047
1699.0	0.0198101357619
1700.0	0.0197996382305
