2051.0	0.018293238306
2052.0	0.0183386944222
2053.0	0.0183859386327
2054.0	0.0184349894039
2055.0	0.0184842098129
2056.0	0.0185352630748
2057.0	0.0185881694279
2058.0	0.018642949981
2059.0	0.0186979433408
2060.0	0.0187548410213
2061.0	0.0188119680625
2062.0	0.018872736592
2063.0	0.0189337674137
2064.0	0.0189950619991
2065.0	0.0190600811562
2066.0	0.0191254000147
2067.0	0.0191927674023
2068.0	0.0192604555129
2069.0	0.0193302313142
2070.0	0.0194021243614
2071.0	0.0194761653233
2072.0	0.0195505918222
2073.0	0.0196272105445
2074.0	0.0197042402058
2075.0	0.0197835084632
2076.0	0.0198650500121
2077.0	0.0199489008128
2078.0	0.0200332397752
2079.0	0.0201199403399
2080.0	0.0202090414185
2081.0	0.0202986892719
2082.0	0.0203907945244
2083.0	0.0204834802245
2084.0	0.0205786828756
2085.0	0.0206764464466
2086.0	0.0207748577346
2087.0	0.0208758946589
2088.0	0.0209796047865
2089.0	0.0210840361816
2090.0	0.0211912111259
2091.0	0.0212991501744
2092.0	0.0214099064838
2093.0	0.0215214720497
2094.0	0.0216359321356
2095.0	0.0217533430054
2096.0	0.0218716520786
2097.0	0.0219929960016
2098.0	0.0221152905389
2099.0	0.0222407081141
2100.0	0.0223671316181
