651.0	0.018658436648
652.0	0.018771494258
653.0	0.0188811968372
654.0	0.0189895610475
655.0	0.0190944182737
656.0	0.0191935382133
657.0	0.0192932561792
658.0	0.0193892358938
659.0	0.019479210845
660.0	0.0195674556098
661.0	0.0196517239601
662.0	0.0197319429991
663.0	0.0198102759079
664.0	0.0198822026332
665.0	0.0199521358776
666.0	0.0200177832829
667.0	0.0200790890365
668.0	0.0201360015006
669.0	0.0201884733165
670.0	0.0202387547351
671.0	0.0202822264346
672.0	0.0203234454172
673.0	0.0203577779842
674.0	0.0203898107645
675.0	0.020417217138
676.0	0.0204422969914
677.0	0.0204604036134
678.0	0.0204761641586
679.0	0.0204849352059
680.0	0.0204913565473
681.0	0.0204931120509
682.0	0.0204902102377
683.0	0.0204826643434
684.0	0.0204728014262
685.0	0.0204583262156
686.0	0.0204392635077
687.0	0.0204156426189
688.0	0.0203897857521
689.0	0.020357146993
690.0	0.020324611561
691.0	0.0202853788165
692.0	0.0202440363303
693.0	0.0201983602835
694.0	0.0201484049491
695.0	0.0200942283878
696.0	0.0200403259924
697.0	0.0199800772185
698.0	0.0199179703315
699.0	0.0198518564306
700.0	0.0197839752434
