1301.0	0.0198311947354
1302.0	0.0198793843271
1303.0	0.0199244248716
1304.0	0.0199673833058
1305.0	0.0200071420835
1306.0	0.0200436757126
1307.0	0.0200775130254
1308.0	0.0201086363521
1309.0	0.020137029664
1310.0	0.0201621237083
1311.0	0.0201850148333
1312.0	0.0202051380062
1313.0	0.0202219272199
1314.0	0.0202364879525
1315.0	0.0202488155269
1316.0	0.0202577912228
1317.0	0.0202639697698
1318.0	0.0202679080604
1319.0	0.0202696066933
1320.0	0.0202685102158
1321.0	0.0202651792772
1322.0	0.0202590617186
1323.0	0.0202507202612
1324.0	0.0202401615509
1325.0	0.0202273933111
1326.0	0.0202124243329
1327.0	0.0201952644639
1328.0	0.0201759245966
1329.0	0.0201549672449
1330.0	0.0201318524308
1331.0	0.0201065938396
1332.0	0.0200797530406
1333.0	0.0200513415196
1334.0	0.0200208271794
1335.0	0.0199887696349
1336.0	0.0199551820807
1337.0	0.0199200781962
1338.0	0.0198834721353
1339.0	0.0198453785143
1340.0	0.0198063465622
1341.0	0.0197658539301
1342.0	0.0197244468422
1343.0	0.0196816071578
1344.0	0.0196373513069
1345.0	0.0195932698158
1346.0	0.0195472713206
1347.0	0.0195009406459
1348.0	0.0194532459715
1349.0	0.0194052375453
1350.0	0.0193564062862
