1301.0	0.0197821655202
1302.0	0.019833727933
1303.0	0.0198820540896
1304.0	0.0199282453409
1305.0	0.0199711436403
1306.0	0.0200107202278
1307.0	0.0200475202899
1308.0	0.020081523659
1309.0	0.0201127119096
1310.0	0.0201404935488
1311.0	0.0201660024974
1312.0	0.0201886518508
1313.0	0.0202078533057
1314.0	0.0202247510679
1315.0	0.0202393390884
1316.0	0.0202504560299
1317.0	0.0202586756104
1318.0	0.0202645742148
1319.0	0.020268151454
1320.0	0.0202688299977
1321.0	0.0202671905296
1322.0	0.0202626590951
1323.0	0.0202558187841
1324.0	0.0202466757244
1325.0	0.0202352372079
1326.0	0.020221511681
1327.0	0.0202055087336
1328.0	0.0201872390867
1329.0	0.0201672864047
1330.0	0.0201450894627
1331.0	0.0201206620104
1332.0	0.0200945869674
1333.0	0.0200668759795
1334.0	0.0200369760039
1335.0	0.0200054681265
1336.0	0.019972365854
1337.0	0.0199376832224
1338.0	0.0199014347857
1339.0	0.0198636356027
1340.0	0.0198248562576
1341.0	0.0197845539301
1342.0	0.0197432961387
1343.0	0.0197005444484
1344.0	0.019656315904
1345.0	0.0196122632547
1346.0	0.0195662133226
1347.0	0.0195198129571
1348.0	0.0194719899958
1349.0	0.0194238358097
1350.0	0.0193748214428
