1851.0	0.0171380563672
1852.0	0.0172515583704
1853.0	0.0173661226585
1854.0	0.0174807250618
1855.0	0.0175953487848
1856.0	0.0177110339338
1857.0	0.0178277934515
1858.0	0.0179445628167
1859.0	0.0180613243458
1860.0	0.0181791582592
1861.0	0.0182969688572
1862.0	0.018414737734
1863.0	0.0185324462179
1864.0	0.018651215372
1865.0	0.0187699070813
1866.0	0.0188885019533
1867.0	0.0190081522713
1868.0	0.0191276875939
1869.0	0.0192470878076
1870.0	0.0193663325441
1871.0	0.0194854011838
1872.0	0.0196042728616
1873.0	0.019724163258
1874.0	0.01984258828
1875.0	0.0199620108762
1876.0	0.0200811724694
1877.0	0.0201987705925
1878.0	0.0203173329562
1879.0	0.0204355676067
1880.0	0.0205534518821
1881.0	0.0206709629183
1882.0	0.0207880776568
1883.0	0.0209034269645
1884.0	0.0210196683074
1885.0	0.0211354431027
1886.0	0.0212507275922
1887.0	0.0213641087124
1888.0	0.0214783299177
1889.0	0.0215919886765
1890.0	0.0217036393973
1891.0	0.0218146576838
1892.0	0.0219264614143
1893.0	0.0220361519121
1894.0	0.0221451363893
1895.0	0.0222533901824
1896.0	0.0223608885714
1897.0	0.0224661127349
1898.0	0.0225720158041
1899.0	0.0226755749421
1900.0	0.0227797836712
