551.0	0.016867575524
552.0	0.0169439316484
553.0	0.0170233551683
554.0	0.0171045317317
555.0	0.0171902395788
556.0	0.0172777937538
557.0	0.0173686195702
558.0	0.0174627789091
559.0	0.0175603366477
560.0	0.0176613607667
561.0	0.0177644853447
562.0	0.0178711985027
563.0	0.0179815768411
564.0	0.0180957005113
565.0	0.0182106805368
566.0	0.0183310232556
567.0	0.0184553453944
568.0	0.0185806853815
569.0	0.018710138179
570.0	0.0188438033925
571.0	0.0189802119466
572.0	0.0191226027213
573.0	0.0192647137316
574.0	0.0194113785312
575.0	0.0195643560763
576.0	0.0197171904545
577.0	0.0198748764123
578.0	0.0200358493295
579.0	0.0202019028461
580.0	0.0203697071336
581.0	0.020541041697
582.0	0.0207159929358
583.0	0.0208946501528
584.0	0.0210771056686
585.0	0.0212634549418
586.0	0.0214519307177
587.0	0.0216444537125
588.0	0.021843041439
589.0	0.0220420600947
590.0	0.0222473619991
591.0	0.0224531688609
592.0	0.0226634730323
593.0	0.0228783935655
594.0	0.0230959832657
595.0	0.0233183835909
596.0	0.0235414700351
597.0	0.0237695138567
598.0	0.0240004638234
599.0	0.0242365842071
600.0	0.0244735225822
