1451.0	0.0172457686327
1452.0	0.0173161903404
1453.0	0.0173897029851
1454.0	0.0174640841995
1455.0	0.0175416333763
1456.0	0.0176214844978
1457.0	0.017704604465
1458.0	0.0177887188468
1459.0	0.0178761921355
1460.0	0.0179647207592
1461.0	0.0180557506022
1462.0	0.0181502895362
1463.0	0.0182484083494
1464.0	0.0183472526652
1465.0	0.0184497809447
1466.0	0.0185530957503
1467.0	0.0186602050133
1468.0	0.0187706875055
1469.0	0.0188825820298
1470.0	0.0190000168808
1471.0	0.0191169115386
1472.0	0.0192374156746
1473.0	0.0193621396207
1474.0	0.0194901198691
1475.0	0.0196198181126
1476.0	0.0197534360412
1477.0	0.0198888753863
1478.0	0.0200272763673
1479.0	0.0201698252678
1480.0	0.0203149298643
1481.0	0.0204632160626
1482.0	0.0206147582226
1483.0	0.020769633204
1484.0	0.0209279204626
1485.0	0.0210897021519
1486.0	0.0212544592205
1487.0	0.0214228695485
1488.0	0.0215944053434
1489.0	0.0217697635312
1490.0	0.021949040264
1491.0	0.0221310536687
1492.0	0.0223171565219
1493.0	0.0225067975911
1494.0	0.0227000611717
1495.0	0.022897707531
1496.0	0.023098488344
1497.0	0.0233031610287
1498.0	0.0235118210796
1499.0	0.0237245670621
1500.0	0.0239415007312
