2101.0	0.0178985418007
2102.0	0.0179683375581
2103.0	0.0180398153161
2104.0	0.0181116772622
2105.0	0.0181839260756
2106.0	0.0182579026977
2107.0	0.0183336334552
2108.0	0.018409791017
2109.0	0.0184863785098
2110.0	0.0185647699061
2111.0	0.0186436142497
2112.0	0.018724302813
2113.0	0.0188054684166
2114.0	0.0188871147329
2115.0	0.0189706598127
2116.0	0.019054711043
2117.0	0.0191392724204
2118.0	0.019225789928
2119.0	0.0193128444537
2120.0	0.019400440345
2121.0	0.0194900527313
2122.0	0.019580234883
2123.0	0.0196709915287
2124.0	0.0197623274455
2125.0	0.0198557583621
2126.0	0.019949798856
2127.0	0.0200444541225
2128.0	0.0201397294118
2129.0	0.020237183215
2130.0	0.0203337252845
2131.0	0.0204324785421
2132.0	0.0205318955731
2133.0	0.0206319822109
2134.0	0.0207327443524
2135.0	0.0208358082849
2136.0	0.0209379509307
2137.0	0.0210424309843
2138.0	0.0211476346044
2139.0	0.0212519006094
2140.0	0.0213585589291
2141.0	0.0214659605954
2142.0	0.0215741123885
2143.0	0.0216830211656
2144.0	0.0217926938617
2145.0	0.0219031374909
2146.0	0.0220143591471
2147.0	0.0221263660055
2148.0	0.0222373839872
2149.0	0.0223509698569
2150.0	0.022465362826
