1751.0	0.0184610897516
1752.0	0.0184997463706
1753.0	0.0185393688293
1754.0	0.018580840751
1755.0	0.0186233000888
1756.0	0.0186667554879
1757.0	0.0187121000593
1758.0	0.0187593520606
1759.0	0.0188076400975
1760.0	0.0188569743014
1761.0	0.018908262215
1762.0	0.0189615249466
1763.0	0.019015880211
1764.0	0.0190713397655
1765.0	0.0191288275178
1766.0	0.0191883676511
1767.0	0.0192481454505
1768.0	0.0193109342684
1769.0	0.019373988194
1770.0	0.0194391742088
1771.0	0.0195065204714
1772.0	0.0195751141381
1773.0	0.0196449711298
1774.0	0.0197170595655
1775.0	0.0197904543924
1776.0	0.0198651730519
1777.0	0.0199422007502
1778.0	0.0200196264956
1779.0	0.0201003876905
1780.0	0.0201815855825
1781.0	0.0202652028008
1782.0	0.0203512777603
1783.0	0.0204378462322
1784.0	0.0205259200296
1785.0	0.0206165361463
1786.0	0.0207087160449
1787.0	0.0208024836968
1788.0	0.0208988982421
1789.0	0.0209959226254
1790.0	0.0210956590695
1791.0	0.0211960439487
1792.0	0.0212992091964
1793.0	0.0214030635741
1794.0	0.0215097699322
1795.0	0.0216182946652
1796.0	0.0217286681685
1797.0	0.0218398190686
1798.0	0.0219539760456
1799.0	0.0220689581969
1800.0	0.0221870290609
