951.0	0.0148288982785
952.0	0.0150399171925
953.0	0.015252883282
954.0	0.0154653656028
955.0	0.015682079976
956.0	0.0159006391762
957.0	0.0161159067814
958.0	0.0163353341723
959.0	0.0165563768738
960.0	0.0167762835627
961.0	0.0169976000963
962.0	0.0172202702636
963.0	0.0174413747724
964.0	0.0176636048374
965.0	0.0178868941968
966.0	0.0181081525903
967.0	0.0183302203251
968.0	0.0185530213078
969.0	0.0187732924353
970.0	0.0189940262726
971.0	0.0192151373618
972.0	0.0194298415562
973.0	0.0196513289685
974.0	0.0198660053102
975.0	0.0200804694646
976.0	0.020294621977
977.0	0.0205047412554
978.0	0.0207142349294
979.0	0.0209192704892
980.0	0.0211233599254
981.0	0.0213263936478
982.0	0.0215243771481
983.0	0.0217209774318
984.0	0.0219120964141
985.0	0.0221015037453
986.0	0.0222931687303
987.0	0.022474724652
988.0	0.0226541268835
989.0	0.0228270344141
990.0	0.0230017381075
991.0	0.0231696265751
992.0	0.0233304529059
993.0	0.0234883792729
994.0	0.0236432960481
995.0	0.0237906115781
996.0	0.023934623028
997.0	0.0240752267443
998.0	0.0242077261803
999.0	0.0243411742797
1000.0	0.0244615889798
