2401.0	0.0178561114792
2402.0	0.0179266019015
2403.0	0.0179984826784
2404.0	0.0180714371517
2405.0	0.0181454801355
2406.0	0.0182199447817
2407.0	0.0182955202872
2408.0	0.018372912502
2409.0	0.0184507610719
2410.0	0.0185290695269
2411.0	0.0186092477649
2412.0	0.0186902644332
2413.0	0.0187724861931
2414.0	0.0188555722845
2415.0	0.0189398944409
2416.0	0.0190247447997
2417.0	0.0191112240728
2418.0	0.0191982547278
2419.0	0.0192865820817
2420.0	0.0193758528581
2421.0	0.0194668302534
2422.0	0.0195584083967
2423.0	0.019651353685
2424.0	0.0197453039836
2425.0	0.0198398868563
2426.0	0.0199358851968
2427.0	0.02003292974
2428.0	0.0201306405099
2429.0	0.0202302146238
2430.0	0.0203304842008
2431.0	0.020432261306
2432.0	0.0205339469172
2433.0	0.0206379824663
2434.0	0.0207423518067
2435.0	0.0208482973913
2436.0	0.0209554268762
2437.0	0.0210629147216
2438.0	0.0211720317861
2439.0	0.0212823773089
2440.0	0.021393538013
2441.0	0.0215059559497
2442.0	0.0216187742467
2443.0	0.0217333135156
2444.0	0.0218487139653
2445.0	0.0219658796166
2446.0	0.0220830351235
2447.0	0.0222019873926
2448.0	0.022321850008
2449.0	0.022442170126
2450.0	0.0225648088441
