2601.0	0.0199928548687
2602.0	0.0199944205411
2603.0	0.0199959710639
2604.0	0.0199972752924
2605.0	0.0199985644084
2606.0	0.0199996073164
2607.0	0.020000404095
2608.0	0.0200011858665
2609.0	0.0200019526317
2610.0	0.0200024734241
2611.0	0.020002979279
2612.0	0.0200034701982
2613.0	0.0200037153272
2614.0	0.0200039456003
2615.0	0.0200039302484
2616.0	0.0200041308584
2617.0	0.0200040859342
2618.0	0.0200040262511
2619.0	0.0200037212206
2620.0	0.0200036320755
2621.0	0.0200032976854
2622.0	0.0200029486464
2623.0	0.0200028153593
2624.0	0.020002436985
2625.0	0.0200020439744
2626.0	0.020001636332
2627.0	0.020001214062
2628.0	0.020000777169
2629.0	0.0200003256574
2630.0	0.0199998595317
2631.0	0.0199996087871
2632.0	0.0199991133946
2633.0	0.0199988332915
2634.0	0.0199985384911
2635.0	0.0199982289973
2636.0	0.0199979048143
2637.0	0.0199975659461
2638.0	0.019997442045
2639.0	0.0199973033712
2640.0	0.0199971499284
2641.0	0.0199969817201
2642.0	0.0199970282169
2643.0	0.0199970598658
2644.0	0.0199973060547
2645.0	0.0199973079734
2646.0	0.0199977536612
2647.0	0.0199979550836
2648.0	0.0199986000526
2649.0	0.0199990007596
2650.0	0.0199996156417
