2501.0	0.0177192876076
2502.0	0.0178140188423
2503.0	0.0179086142076
2504.0	0.0180034921328
2505.0	0.0180982151029
2506.0	0.0181932079598
2507.0	0.0182880263224
2508.0	0.018383101486
2509.0	0.0184779821681
2510.0	0.0185726548475
2511.0	0.0186675605505
2512.0	0.0187622375877
2513.0	0.0188571335151
2514.0	0.0189517796846
2515.0	0.0190461620036
2516.0	0.0191407378644
2517.0	0.0192350281462
2518.0	0.0193290184367
2519.0	0.0194231760063
2520.0	0.0195170112505
2521.0	0.0196105094579
2522.0	0.0197036558282
2523.0	0.0197969308362
2524.0	0.0198898309214
2525.0	0.019982341017
2526.0	0.0200749515131
2527.0	0.0201671484186
2528.0	0.0202589164264
2529.0	0.0203502401649
2530.0	0.0204411042032
2531.0	0.0205320154326
2532.0	0.0206224426222
2533.0	0.0207123701523
2534.0	0.0208023147717
2535.0	0.0208911992685
2536.0	0.0209800760334
2537.0	0.0210689392077
2538.0	0.021156691527
2539.0	0.0212444051304
2540.0	0.0213315217423
2541.0	0.0214180254347
2542.0	0.0215039002746
2543.0	0.0215896922554
2544.0	0.0216748299343
2545.0	0.0217592973335
2546.0	0.0218436500237
2547.0	0.0219273068543
2548.0	0.0220102518416
2549.0	0.0220924690321
2550.0	0.0221745266182
