1701.0	0.0198646632161
1702.0	0.0198552070388
1703.0	0.0198478209283
1704.0	0.019840439505
1705.0	0.0198330627652
1706.0	0.0198267189668
1707.0	0.0198203781766
1708.0	0.0198160939806
1709.0	0.0198118099399
1710.0	0.0198085517049
1711.0	0.019805292447
1712.0	0.0198030567923
1713.0	0.0198018433277
1714.0	0.0198026748733
1715.0	0.019803502272
1716.0	0.0198043255296
1717.0	0.0198071914713
1718.0	0.0198110761148
1719.0	0.0198159794738
1720.0	0.0198219017983
1721.0	0.0198288435747
1722.0	0.0198368055254
1723.0	0.0198457886095
1724.0	0.0198557940224
1725.0	0.019867848965
1726.0	0.0198799042077
1727.0	0.0198940140699
1728.0	0.0199091551705
1729.0	0.0199253301369
1730.0	0.0199435719848
1731.0	0.0199628559932
1732.0	0.0199831857619
1733.0	0.0200045651381
1734.0	0.0200280337195
1735.0	0.0200525634795
1736.0	0.0200791981401
1737.0	0.0201069075565
1738.0	0.0201356973469
1739.0	0.0201655733936
1740.0	0.0201986356667
1741.0	0.0202317565564
1742.0	0.0202670394501
1743.0	0.0203034448951
1744.0	0.0203420375818
1745.0	0.0203817741847
1746.0	0.0204237260157
1747.0	0.0204668453887
1748.0	0.020512210806
1749.0	0.0205587697278
1750.0	0.0206065326087
