751.0	0.0223057067548
752.0	0.0221759109026
753.0	0.0220473947931
754.0	0.0219221314599
755.0	0.0217980767581
756.0	0.0216752145982
757.0	0.021555466016
758.0	0.021438763762
759.0	0.0213212364244
760.0	0.0212085795858
761.0	0.0210969408128
762.0	0.0209863073783
763.0	0.0208803451318
764.0	0.0207734779393
765.0	0.0206729771159
766.0	0.0205715202212
767.0	0.0204744836266
768.0	0.0203782392323
769.0	0.0202845323205
770.0	0.0201950560502
771.0	0.0201062679947
772.0	0.0200215944122
773.0	0.0199392511527
774.0	0.0198575031701
775.0	0.0197797095233
776.0	0.0197057987253
777.0	0.0196323790057
778.0	0.0195627492617
779.0	0.0194935614191
780.0	0.0194297096928
781.0	0.0193662359739
782.0	0.0193047522291
783.0	0.0192468360954
784.0	0.0191908363068
785.0	0.0191383177244
786.0	0.0190876488412
787.0	0.0190388059127
788.0	0.0189933362912
789.0	0.0189511987773
790.0	0.0189107967887
791.0	0.018873663822
792.0	0.0188382183982
793.0	0.0188059859229
794.0	0.0187769362033
795.0	0.0187495081267
796.0	0.0187252176843
797.0	0.0187040409914
798.0	0.0186844339623
799.0	0.0186679058737
800.0	0.0186544388328
