651.0	0.0186459957892
652.0	0.0187596741804
653.0	0.0188699971309
654.0	0.0189789867314
655.0	0.0190844676395
656.0	0.0191842021759
657.0	0.0192845445011
658.0	0.019381144717
659.0	0.0194717284606
660.0	0.0195605833832
661.0	0.0196454555698
662.0	0.0197262713145
663.0	0.0198052006093
664.0	0.0198777075317
665.0	0.0199482193632
666.0	0.0200144353667
667.0	0.0200762989775
668.0	0.0201337578255
669.0	0.0201867638405
670.0	0.0202375750854
671.0	0.020281554683
672.0	0.0203232760994
673.0	0.0203580876966
674.0	0.0203905930421
675.0	0.0204184562368
676.0	0.0204439857166
677.0	0.0204625161841
678.0	0.0204786925616
679.0	0.0204878525954
680.0	0.0204946542083
681.0	0.0204967716598
682.0	0.0204942131337
683.0	0.0204869915668
684.0	0.0204774433076
685.0	0.0204632633781
686.0	0.0204444763736
687.0	0.0204211114487
688.0	0.0203955003328
689.0	0.0203630777385
690.0	0.0203307578023
691.0	0.0202917108796
692.0	0.0202505438735
693.0	0.0202050233333
694.0	0.0201552036024
695.0	0.0201011428485
696.0	0.0200473557708
697.0	0.0199871931563
698.0	0.0199251625905
699.0	0.0198591057996
700.0	0.0197912721864
