1351.0	0.0213001959252
1352.0	0.0212448983014
1353.0	0.0211892689948
1354.0	0.02113273505
1355.0	0.0210764626024
1356.0	0.0210193023843
1357.0	0.0209618391527
1358.0	0.0209040787944
1359.0	0.0208465932575
1360.0	0.0207888171866
1361.0	0.0207313173808
1362.0	0.0206729751337
1363.0	0.0206154714961
1364.0	0.0205582436424
1365.0	0.0205007388817
1366.0	0.020443511236
1367.0	0.0203865588512
1368.0	0.0203304232743
1369.0	0.0202740134545
1370.0	0.0202189504794
1371.0	0.0201636097556
1372.0	0.0201090642569
1373.0	0.0200553052059
1374.0	0.0200023239911
1375.0	0.0199495852998
1376.0	0.0198981367978
1377.0	0.0198469188043
1378.0	0.0197964501025
1379.0	0.0197472408589
1380.0	0.0196987609915
1381.0	0.0196510029649
1382.0	0.0196065192381
1383.0	0.019559662847
1384.0	0.0195160509617
1385.0	0.0194726108635
1386.0	0.0194303503767
1387.0	0.0193907656069
1388.0	0.019349321154
1389.0	0.0193105297523
1390.0	0.0192748630476
1391.0	0.0192373312507
1392.0	0.0192028973898
1393.0	0.019168575415
1394.0	0.0191373142034
1395.0	0.0191066369135
1396.0	0.0190765390892
1397.0	0.0190494547127
1398.0	0.0190224422581
1399.0	0.0189984135766
1400.0	0.0189749268345
