2901.0	0.0202306456191
2902.0	0.0202226989592
2903.0	0.02021474296
2904.0	0.0202067776423
2905.0	0.0201985925312
2906.0	0.0201901881403
2907.0	0.020181775151
2908.0	0.0201733535843
2909.0	0.0201647136393
2910.0	0.0201558558501
2911.0	0.0201469902313
2912.0	0.0201379075082
2913.0	0.0201288173501
2914.0	0.0201197197784
2915.0	0.0201104060545
2916.0	0.0201010853184
2917.0	0.0200915491966
2918.0	0.0200820064703
2919.0	0.0200724571611
2920.0	0.0200626934511
2921.0	0.0200529235723
2922.0	0.0200429400847
2923.0	0.0200329508491
2924.0	0.0200229558865
2925.0	0.0200127483317
2926.0	0.0200025354768
2927.0	0.0199923173427
2928.0	0.0199818876483
2929.0	0.0199714531074
2930.0	0.0199610137411
2931.0	0.0199503638612
2932.0	0.0199399151037
2933.0	0.0199290509612
2934.0	0.0199183879827
2935.0	0.0199077206796
2936.0	0.0198968443651
2937.0	0.0198859641698
2938.0	0.0198748758152
2939.0	0.0198639881223
2940.0	0.0198528927194
2941.0	0.0198417939256
2942.0	0.0198306917613
2943.0	0.0198195862467
2944.0	0.0198082743363
2945.0	0.019797162387
2946.0	0.0197858444959
2947.0	0.0197745237485
2948.0	0.0197632001648
2949.0	0.0197518737646
2950.0	0.0197403427514
