2651.0	0.0188055971185
2652.0	0.0188460116575
2653.0	0.0188865369487
2654.0	0.0189282649023
2655.0	0.0189695636362
2656.0	0.0190115268266
2657.0	0.0190541600456
2658.0	0.0190974689783
2659.0	0.0191409049263
2660.0	0.0191844683656
2661.0	0.019229275968
2662.0	0.019273659371
2663.0	0.019319298986
2664.0	0.0193650791715
2665.0	0.0194115661212
2666.0	0.0194587661917
2667.0	0.0195061162778
2668.0	0.0195541885543
2669.0	0.0196029896613
2670.0	0.0196519507063
2671.0	0.0197016500788
2672.0	0.0197520947148
2673.0	0.0198032916866
2674.0	0.0198546640489
2675.0	0.019907385249
2676.0	0.019960292204
2677.0	0.0200133857584
2678.0	0.020067852977
2679.0	0.0201225176482
2680.0	0.0201779784836
2681.0	0.0202342435035
2682.0	0.0202913208844
2683.0	0.0203486138875
2684.0	0.0204073386497
2685.0	0.0204662911233
2686.0	0.0205260850895
2687.0	0.0205867294246
2688.0	0.0206476152924
2689.0	0.0207099849977
2690.0	0.0207726094303
2691.0	0.0208361159283
2692.0	0.0209005141285
2693.0	0.0209658138546
2694.0	0.021031390637
2695.0	0.0210978833515
2696.0	0.0211653022652
2697.0	0.0212336578448
2698.0	0.0213029607595
2699.0	0.0213732218852
2700.0	0.0214437997984
