2201.0	0.0182577719417
2202.0	0.0183387914634
2203.0	0.0184168379894
2204.0	0.0184970813674
2205.0	0.0185760485605
2206.0	0.0186554759484
2207.0	0.0187335908076
2208.0	0.0188103643187
2209.0	0.0188875650547
2210.0	0.0189633883352
2211.0	0.0190396237783
2212.0	0.0191162742899
2213.0	0.019191503564
2214.0	0.0192652831618
2215.0	0.0193394444636
2216.0	0.019412120248
2217.0	0.0194851623174
2218.0	0.0195585730572
2219.0	0.0196285548975
2220.0	0.0196988699705
2221.0	0.0197695203206
2222.0	0.0198385788866
2223.0	0.019907957196
2224.0	0.0199757088716
2225.0	0.0200437647753
2226.0	0.02011015956
2227.0	0.0201748669459
2228.0	0.0202398461889
2229.0	0.0203050987486
2230.0	0.020368622747
2231.0	0.0204303927636
2232.0	0.0204924044215
2233.0	0.0205526297302
2234.0	0.0206130817806
2235.0	0.0206737616534
2236.0	0.0207305616885
2237.0	0.0207896206665
2238.0	0.020844752729
2239.0	0.0209021454495
2240.0	0.0209576512512
2241.0	0.0210112474417
2242.0	0.0210650130672
2243.0	0.0211168401857
2244.0	0.021168823116
2245.0	0.0212188394782
2246.0	0.0212689983733
2247.0	0.0213171635183
2248.0	0.0213654582903
2249.0	0.021413883111
2250.0	0.0214602815082
