2451.0	0.0173732019861
2452.0	0.0174697322316
2453.0	0.0175659197525
2454.0	0.017663604635
2455.0	0.0177620631542
2456.0	0.017861303393
2457.0	0.0179613335397
2458.0	0.0180621618896
2459.0	0.0181637968465
2460.0	0.0182658563988
2461.0	0.0183691269875
2462.0	0.0184724359996
2463.0	0.0185773737352
2464.0	0.0186819507871
2465.0	0.0187881809135
2466.0	0.0188952726254
2467.0	0.0190019937587
2468.0	0.0191104087616
2469.0	0.0192188648176
2470.0	0.019328622984
2471.0	0.0194379922062
2472.0	0.0195486752626
2473.0	0.0196602574414
2474.0	0.0197718712471
2475.0	0.0198843888862
2476.0	0.0199973741138
2477.0	0.0201108255453
2478.0	0.0202251950775
2479.0	0.0203400353782
2480.0	0.0204548840149
2481.0	0.0205711221749
2482.0	0.0206873654434
2483.0	0.020804073024
2484.0	0.0209212431269
2485.0	0.0210388738905
2486.0	0.0211564791271
2487.0	0.0212750213577
2488.0	0.0213940181988
2489.0	0.0215134674924
2490.0	0.0216333670047
2491.0	0.0217532100466
2492.0	0.021873490416
2493.0	0.0219942055697
2494.0	0.0221148361885
2495.0	0.0222364088011
2496.0	0.0223578830366
2497.0	0.0224792434495
2498.0	0.0226015412043
2499.0	0.022723710543
2500.0	0.022845735534
