2801.0	0.0197761951817
2802.0	0.0197879522939
2803.0	0.0197992418401
2804.0	0.0198107505746
2805.0	0.0198217907326
2806.0	0.019832820462
2807.0	0.0198438397292
2808.0	0.0198546186551
2809.0	0.019865156768
2810.0	0.0198756837347
2811.0	0.0198859692556
2812.0	0.0198962432865
2813.0	0.0199062752575
2814.0	0.0199162954047
2815.0	0.0199260728966
2816.0	0.019935607316
2817.0	0.0199451293042
2818.0	0.0199541764964
2819.0	0.0199634419988
2820.0	0.0199722319387
2821.0	0.0199810086229
2822.0	0.0199897720236
2823.0	0.0199980586631
2824.0	0.0200063315361
2825.0	0.0200143586922
2826.0	0.0200223718286
2827.0	0.0200301388033
2828.0	0.0200376593096
2829.0	0.0200449330542
2830.0	0.0200521921303
2831.0	0.0200592040572
2832.0	0.0200659685699
2833.0	0.0200724854172
2834.0	0.0200789870356
2835.0	0.0200852406586
2836.0	0.0200912460633
2837.0	0.0200970030404
2838.0	0.0201027443177
2839.0	0.0201080039182
2840.0	0.0201134805932
2841.0	0.0201184752441
2842.0	0.0201232206951
2843.0	0.020127949963
2844.0	0.0201324298366
2845.0	0.0201366601913
2846.0	0.0201408741744
2847.0	0.0201446051982
2848.0	0.0201483197142
2849.0	0.0201517843833
2850.0	0.0201549991376
