2551.0	0.019807455439
2552.0	0.0198203730719
2553.0	0.0198330695923
2554.0	0.0198453305623
2555.0	0.0198573690741
2556.0	0.019868970424
2557.0	0.0198801337061
2558.0	0.0198910725405
2559.0	0.0199017864915
2560.0	0.019911845655
2561.0	0.0199218934717
2562.0	0.0199312849957
2563.0	0.0199406644261
2564.0	0.0199496013699
2565.0	0.0199580951859
2566.0	0.0199663606423
2567.0	0.0199741819869
2568.0	0.0199817742209
2569.0	0.0199891370801
2570.0	0.0199960546308
2571.0	0.020002742178
2572.0	0.0200091995042
2573.0	0.0200152105387
2574.0	0.0200209908466
2575.0	0.0200265402576
2576.0	0.0200316426077
2577.0	0.0200365136786
2578.0	0.0200413694225
2579.0	0.0200455615019
2580.0	0.0200497380437
2581.0	0.0200536828852
2582.0	0.020057179784
2583.0	0.0200606609967
2584.0	0.0200636941342
2585.0	0.0200664953358
2586.0	0.0200690645853
2587.0	0.0200716180664
2588.0	0.0200737234038
2589.0	0.0200755968092
2590.0	0.0200774544713
2591.0	0.0200788641013
2592.0	0.0200802580458
2593.0	0.0200812041087
2594.0	0.0200821345766
2595.0	0.0200830494502
2596.0	0.0200835167099
2597.0	0.0200837525291
2598.0	0.0200839729528
2599.0	0.0200841779838
2600.0	0.0200839359236
