751.0	0.0223055752393
752.0	0.0221757976762
753.0	0.0220472994486
754.0	0.0219220527115
755.0	0.0217980142361
756.0	0.0216751679406
757.0	0.0215554340113
758.0	0.0214387452346
759.0	0.0213212319101
760.0	0.021208587111
761.0	0.0210969601044
762.0	0.0209863381689
763.0	0.0208803855504
764.0	0.0207735285578
765.0	0.0206730353318
766.0	0.0205715866299
767.0	0.0204745564817
768.0	0.0203783183684
769.0	0.0202846168141
770.0	0.0201951442447
771.0	0.0201063597715
772.0	0.0200216881675
773.0	0.0199393460563
774.0	0.0198575991425
775.0	0.0197798050297
776.0	0.0197058922607
777.0	0.0196324705321
778.0	0.0195628373104
779.0	0.0194936459699
780.0	0.0194297886
781.0	0.0193663092397
782.0	0.0193048191532
783.0	0.0192468952867
784.0	0.0191908870881
785.0	0.0191383587303
786.0	0.0190876794124
787.0	0.0190388253957
788.0	0.0189933433469
789.0	0.0189511920746
790.0	0.0189107756913
791.0	0.0188736270076
792.0	0.0188381652354
793.0	0.0188059150932
794.0	0.018776846388
795.0	0.0187493986937
796.0	0.0187250873104
797.0	0.0187038883484
798.0	0.0186842584069
799.0	0.0186677060651
800.0	0.0186542134204
