2251.0	0.0193641980456
2252.0	0.0194029104822
2253.0	0.0194379723397
2254.0	0.0194731014762
2255.0	0.01950829803
2256.0	0.0195416798893
2257.0	0.0195751203395
2258.0	0.019608619485
2259.0	0.0196402821751
2260.0	0.0196700959985
2261.0	0.019699952097
2262.0	0.0197298505199
2263.0	0.0197597913166
2264.0	0.0197878599964
2265.0	0.0198140456385
2266.0	0.0198421804451
2267.0	0.0198665005216
2268.0	0.0198927697836
2269.0	0.0199171357379
2270.0	0.0199415230712
2271.0	0.0199639946122
2272.0	0.0199864815488
2273.0	0.0200089838671
2274.0	0.0200315015528
2275.0	0.0200520863025
2276.0	0.0200707303808
2277.0	0.0200913323481
2278.0	0.0201099887315
2279.0	0.0201286500835
2280.0	0.0201473163776
2281.0	0.020164025546
2282.0	0.0201807352989
2283.0	0.0201974456076
2284.0	0.0202121886613
2285.0	0.0202288979863
2286.0	0.0202436362671
2287.0	0.0202563983106
2288.0	0.0202711282608
2289.0	0.0202838787641
2290.0	0.0202966227404
2291.0	0.0203093601631
2292.0	0.0203220910052
2293.0	0.0203328337124
2294.0	0.020345549886
2295.0	0.020356275309
2296.0	0.0203669914856
2297.0	0.0203776983922
2298.0	0.0203864088061
2299.0	0.0203970959722
2300.0	0.0204057846316
