901.0	0.013628092596
902.0	0.0138173116964
903.0	0.01401182094
904.0	0.0142086568606
905.0	0.0144094364104
906.0	0.0146142642171
907.0	0.0148232483825
908.0	0.0150382155704
909.0	0.0152541364109
910.0	0.0154762751342
911.0	0.0157030402492
912.0	0.0159345594513
913.0	0.0161690577764
914.0	0.0164084957523
915.0	0.0166530113152
916.0	0.0169027472254
917.0	0.0171536921792
918.0	0.017412099225
919.0	0.0176760881477
920.0	0.0179435978703
921.0	0.0182146449375
922.0	0.018491565023
923.0	0.0187745269291
924.0	0.0190612790823
925.0	0.0193518382178
926.0	0.0196487556988
927.0	0.0199522161359
928.0	0.0202571051088
929.0	0.0205713972068
930.0	0.0208871494741
931.0	0.0212070274444
932.0	0.0215339424799
933.0	0.021865133332
934.0	0.0222006103394
935.0	0.0225403815324
936.0	0.0228876239763
937.0	0.0232393119146
938.0	0.0235954499886
939.0	0.0239526494813
940.0	0.0243210814956
941.0	0.0246870262191
942.0	0.02506087658
943.0	0.0254391558889
944.0	0.025821850748
945.0	0.0262089443147
946.0	0.0266004161723
947.0	0.0269962421989
948.0	0.0273963944352
949.0	0.0277966245106
950.0	0.0282009317228
