2201.0	0.0183595091977
2202.0	0.0184364836751
2203.0	0.0185105561701
2204.0	0.0185867111332
2205.0	0.0186616010806
2206.0	0.0187368992103
2207.0	0.0188108987995
2208.0	0.0188835734693
2209.0	0.0189566256482
2210.0	0.0190283197199
2211.0	0.0191003771787
2212.0	0.0191728004035
2213.0	0.0192438252263
2214.0	0.0193134257548
2215.0	0.019383361241
2216.0	0.019451839689
2217.0	0.0195206387725
2218.0	0.0195897604216
2219.0	0.0196555641304
2220.0	0.0197216581612
2221.0	0.0197880441546
2222.0	0.0198528764207
2223.0	0.0199179863489
2224.0	0.0199815109722
2225.0	0.0200452990156
2226.0	0.020107470572
2227.0	0.020168002014
2228.0	0.0202287674823
2229.0	0.0202897681235
2230.0	0.0203490914975
2231.0	0.02040671484
2232.0	0.0204645447358
2233.0	0.0205206455739
2234.0	0.0205769394787
2235.0	0.0206334272817
2236.0	0.0206861921237
2237.0	0.0207410888783
2238.0	0.0207922208167
2239.0	0.0208454859648
2240.0	0.0208969322431
2241.0	0.0209465395499
2242.0	0.0209962884243
2243.0	0.0210441727231
2244.0	0.0210921864412
2245.0	0.0211383107846
2246.0	0.0211845527437
2247.0	0.0212288813725
2248.0	0.0212733161825
2249.0	0.021317857471
2250.0	0.0213604566863
