2051.0	0.0188752952424
2052.0	0.0189042652127
2053.0	0.0189345806707
2054.0	0.0189662501286
2055.0	0.0189979747572
2056.0	0.0190310654103
2057.0	0.0190655315145
2058.0	0.0191013829531
2059.0	0.0191373091591
2060.0	0.0191746346354
2061.0	0.0192120422158
2062.0	0.0192521954118
2063.0	0.0192924460027
2064.0	0.0193327942735
2065.0	0.0193759275707
2066.0	0.0194191752574
2067.0	0.0194638898105
2068.0	0.01950872805
2069.0	0.019555051355
2070.0	0.0196028737173
2071.0	0.0196522096663
2072.0	0.019701698837
2073.0	0.019752722136
2074.0	0.0198039097741
2075.0	0.0198566529646
2076.0	0.0199109680541
2077.0	0.0199668719765
2078.0	0.0200229750767
2079.0	0.0200806910419
2080.0	0.0201400381062
2081.0	0.0201996103105
2082.0	0.0202608395527
2083.0	0.0203223083061
2084.0	0.0203854611048
2085.0	0.020450318326
2086.0	0.0205154444065
2087.0	0.0205823040151
2088.0	0.0206509190303
2089.0	0.0207198346663
2090.0	0.0207905370522
2091.0	0.0208615578074
2092.0	0.0209343979302
2093.0	0.0210075749779
2094.0	0.0210826053366
2095.0	0.021159514329
2096.0	0.0212367976297
2097.0	0.0213159960847
2098.0	0.0213955899183
2099.0	0.0214771369131
2100.0	0.0215591013207
