1301.0	0.0197816964934
1302.0	0.0198332911024
1303.0	0.0198816486313
1304.0	0.0199278707591
1305.0	0.0199707990515
1306.0	0.0200104047167
1307.0	0.0200472330969
1308.0	0.0200812639998
1309.0	0.0201124789766
1310.0	0.020140286321
1311.0	0.0201658203127
1312.0	0.0201884938371
1313.0	0.0202077183772
1314.0	0.020224638509
1315.0	0.0202392481697
1316.0	0.0202503856137
1317.0	0.0202586247403
1318.0	0.0202645421206
1319.0	0.0202681373556
1320.0	0.0202688329053
1321.0	0.0202672096447
1322.0	0.0202626934102
1323.0	0.0202558674866
1324.0	0.0202467379964
1325.0	0.020235312227
1326.0	0.0202215986215
1327.0	0.0202056067669
1328.0	0.0201873473823
1329.0	0.0201674043348
1330.0	0.0201452161958
1331.0	0.0201207967152
1332.0	0.0200947290172
1333.0	0.0200670247492
1334.0	0.0200371306674
1335.0	0.0200056280634
1336.0	0.0199725304467
1337.0	0.0199378518571
1338.0	0.0199016068519
1339.0	0.0198638104944
1340.0	0.0198250335734
1341.0	0.0197847330724
1342.0	0.0197434767141
1343.0	0.0197007258687
1344.0	0.019656497587
1345.0	0.0196124452151
1346.0	0.0195663947901
1347.0	0.0195199937565
1348.0	0.0194721695651
1349.0	0.0194240139811
1350.0	0.0193749978579
