1801.0	0.017170557
1802.0	0.0172636813147
1803.0	0.0173583955467
1804.0	0.0174547278901
1805.0	0.0175518039167
1806.0	0.0176505418185
1807.0	0.0177509715943
1808.0	0.0178531240251
1809.0	0.0179560969892
1810.0	0.0180608406957
1811.0	0.0181664382934
1812.0	0.0182738566581
1813.0	0.0183831298345
1814.0	0.0184933181935
1815.0	0.0186054149108
1816.0	0.0187184644133
1817.0	0.0188324773452
1818.0	0.0189484740849
1819.0	0.0190664928302
1820.0	0.0191845166759
1821.0	0.0193046041871
1822.0	0.0194267955774
1823.0	0.019549018883
1824.0	0.0196733902429
1825.0	0.0197999520216
1826.0	0.0199265747433
1827.0	0.0200543381354
1828.0	0.0201843626326
1829.0	0.0203155759635
1830.0	0.0204479924367
1831.0	0.0205816265751
1832.0	0.0207164931202
1833.0	0.020852607036
1834.0	0.0209888115951
1835.0	0.021127454745
1836.0	0.0212673913912
1837.0	0.0214086374259
1838.0	0.0215499910802
1839.0	0.0216938926619
1840.0	0.0218379109184
1841.0	0.021983280194
1842.0	0.0221300171809
1843.0	0.0222781388284
1844.0	0.0224263715029
1845.0	0.0225759982397
1846.0	0.0227257202441
1847.0	0.0228781742719
1848.0	0.0230307328874
1849.0	0.0231833748248
1850.0	0.0233374464225
