2451.0	0.0174048292394
2452.0	0.0175003754346
2453.0	0.0175955700419
2454.0	0.0176922385593
2455.0	0.0177896626712
2456.0	0.0178878501668
2457.0	0.0179868089353
2458.0	0.0180865469675
2459.0	0.0181870723574
2460.0	0.0182880061338
2461.0	0.018390127774
2462.0	0.018492274613
2463.0	0.0185960227874
2464.0	0.0186994003046
2465.0	0.0188044026944
2466.0	0.0189102452476
2467.0	0.0190157070195
2468.0	0.019122833119
2469.0	0.0192299859537
2470.0	0.0193384144167
2471.0	0.0194464435255
2472.0	0.0195557594088
2473.0	0.0196659510687
2474.0	0.0197761594611
2475.0	0.0198872479098
2476.0	0.0199987843698
2477.0	0.0201107673242
2478.0	0.0202236437759
2479.0	0.0203369708459
2480.0	0.0204502909132
2481.0	0.0205649702016
2482.0	0.0206796389977
2483.0	0.0207947514319
2484.0	0.0209103055864
2485.0	0.0210262994728
2486.0	0.0211422522942
2487.0	0.0212591155152
2488.0	0.0213764120473
2489.0	0.0214941396115
2490.0	0.0216122958548
2491.0	0.0217303799976
2492.0	0.0218488799065
2493.0	0.0219677929278
2494.0	0.0220866059827
2495.0	0.0222063329055
2496.0	0.0223259460304
2497.0	0.0224454301456
2498.0	0.0225658230704
2499.0	0.0226860724306
2500.0	0.0228061625497
