801.0	0.0190474986166
802.0	0.0190384050999
803.0	0.019032401186
804.0	0.0190294767621
805.0	0.0190280826406
806.0	0.0190297559028
807.0	0.0190344920859
808.0	0.0190438291702
809.0	0.0190531465283
810.0	0.0190670670055
811.0	0.0190840548336
812.0	0.0191041166763
813.0	0.0191272614267
814.0	0.0191519524172
815.0	0.0191797458065
816.0	0.019210656114
817.0	0.0192447001401
818.0	0.0192818969885
819.0	0.0193207045829
820.0	0.019362701748
821.0	0.0194094856862
822.0	0.0194595216889
823.0	0.0195112580019
824.0	0.0195678879793
825.0	0.0196262755564
826.0	0.019689642612
827.0	0.0197548333739
828.0	0.0198234857068
829.0	0.0198956453458
830.0	0.0199713608897
831.0	0.0200490430983
832.0	0.0201320188928
833.0	0.0202170544537
834.0	0.0203058500196
835.0	0.0203984683186
836.0	0.0204949754539
837.0	0.020595441016
838.0	0.0206999382012
839.0	0.0208068175457
840.0	0.0209195996109
841.0	0.0210349025017
842.0	0.0211527733948
843.0	0.0212768222576
844.0	0.0214053924727
845.0	0.021536773006
846.0	0.0216710208426
847.0	0.0218100385407
848.0	0.0219539376264
849.0	0.0221028348918
850.0	0.0222549552828
