2751.0	0.0177580586596
2752.0	0.0178394317559
2753.0	0.0179219316723
2754.0	0.0180043654026
2755.0	0.0180879431237
2756.0	0.0181726818274
2757.0	0.0182573642627
2758.0	0.0183426041394
2759.0	0.018429032038
2760.0	0.0185160356952
2761.0	0.0186029857197
2762.0	0.0186911516874
2763.0	0.0187799086783
2764.0	0.0188692619052
2765.0	0.0189592166385
2766.0	0.0190504350423
2767.0	0.0191416134331
2768.0	0.0192334095335
2769.0	0.0193258288508
2770.0	0.0194188769535
2771.0	0.0195125594719
2772.0	0.0196068820993
2773.0	0.0197018505924
2774.0	0.0197974707726
2775.0	0.0198937485264
2776.0	0.0199899850201
2777.0	0.0200875908064
2778.0	0.0201851573043
2779.0	0.0202833953168
2780.0	0.020382310928
2781.0	0.0204811800251
2782.0	0.0205814641236
2783.0	0.02068170369
2784.0	0.0207826352076
2785.0	0.0208842649647
2786.0	0.0209858425779
2787.0	0.0210881203756
2788.0	0.0211911047112
2789.0	0.0212948020102
2790.0	0.0213984401602
2791.0	0.0215027931767
2792.0	0.0216070778082
2793.0	0.0217128744396
2794.0	0.0218178034612
2795.0	0.0219242575206
2796.0	0.0220306353867
2797.0	0.0221369264053
2798.0	0.0222439438001
2799.0	0.0223516941044
2800.0	0.0224593481941
