1551.0	0.0156747647413
1552.0	0.0158383178478
1553.0	0.0160037432296
1554.0	0.016169869505
1555.0	0.0163378752369
1556.0	0.0165071668291
1557.0	0.0166771133956
1558.0	0.0168489467728
1559.0	0.0170214009314
1560.0	0.0171950913255
1561.0	0.0173700085018
1562.0	0.0175461423495
1563.0	0.0177227995115
1564.0	0.0178999382888
1565.0	0.0180789212155
1566.0	0.0182583394775
1567.0	0.0184381480241
1568.0	0.0186190343224
1569.0	0.0188002379585
1570.0	0.0189824651624
1571.0	0.0191649323971
1572.0	0.0193475886404
1573.0	0.019531168716
1574.0	0.0197148536814
1575.0	0.0198985889005
1576.0	0.0200823184968
1577.0	0.0202668163079
1578.0	0.0204512152322
1579.0	0.0206346027015
1580.0	0.0208186133173
1581.0	0.021002343307
1582.0	0.0211857298021
1583.0	0.0213696067955
1584.0	0.02155121533
1585.0	0.0217341036721
1586.0	0.0219154770782
1587.0	0.0220961766699
1588.0	0.0222761334226
1589.0	0.0224552774166
1590.0	0.0226335378803
1591.0	0.0228108432353
1592.0	0.0229871211447
1593.0	0.0231622985625
1594.0	0.0233363017861
1595.0	0.0235080242743
1596.0	0.0236794446638
1597.0	0.0238484123464
1598.0	0.0240169488555
1599.0	0.024182859268
1600.0	0.0243471214711
