801.0	0.0190375830475
802.0	0.0190287113529
803.0	0.0190229381746
804.0	0.0190202535366
805.0	0.0190191038176
806.0	0.0190210307893
807.0	0.0190260301608
808.0	0.0190356447764
809.0	0.0190452401761
810.0	0.0190594534546
811.0	0.0190767443972
812.0	0.0190971199145
813.0	0.0191205891627
814.0	0.0191456108222
815.0	0.0191737461776
816.0	0.019205010054
817.0	0.0192394195755
818.0	0.0192769941883
819.0	0.0193161869664
820.0	0.0193585821982
821.0	0.0194057828188
822.0	0.0194562493334
823.0	0.0195084249469
824.0	0.0195655143758
825.0	0.0196243709924
826.0	0.0196882283951
827.0	0.0197539199774
828.0	0.0198230898072
829.0	0.0198957842072
830.0	0.0199720523934
831.0	0.0200502995734
832.0	0.0201338656424
833.0	0.0202195049801
834.0	0.0203089247617
835.0	0.0204021884879
836.0	0.0204993630736
837.0	0.0206005189608
838.0	0.0207057302405
839.0	0.020813341212
840.0	0.02092688763
841.0	0.0210429741282
842.0	0.0211616485048
843.0	0.0212865369396
844.0	0.0214159765274
845.0	0.0215482493483
846.0	0.0216834131517
847.0	0.0218233797807
848.0	0.0219682621594
849.0	0.0221181785514
850.0	0.0222713463554
