2251.0	0.0184649098229
2252.0	0.0185443460754
2253.0	0.018618330829
2254.0	0.0186927228745
2255.0	0.0187675251464
2256.0	0.0188397267629
2257.0	0.0189123102997
2258.0	0.0189852783984
2259.0	0.0190555699732
2260.0	0.0191231385922
2261.0	0.0191910337862
2262.0	0.0192592576147
2263.0	0.0193278121533
2264.0	0.0193935573426
2265.0	0.0194564491839
2266.0	0.019522787546
2267.0	0.0195830596812
2268.0	0.0196467814795
2269.0	0.0197075678626
2270.0	0.0197686063904
2271.0	0.0198266554339
2272.0	0.0198849313642
2273.0	0.0199434353314
2274.0	0.0200021684926
2275.0	0.0200578350391
2276.0	0.020110396967
2277.0	0.0201664605606
2278.0	0.0202193959461
2279.0	0.02027251314
2280.0	0.0203258129483
2281.0	0.0203759249089
2282.0	0.0204261967823
2283.0	0.0204766292253
2284.0	0.020523817092
2285.0	0.0205745607668
2286.0	0.0206220381663
2287.0	0.0206662165672
2288.0	0.0207139634415
2289.0	0.0207583908134
2290.0	0.0208029381515
2291.0	0.0208476058696
2292.0	0.0208923943829
2293.0	0.0209338026299
2294.0	0.0209788234508
2295.0	0.0210204445804
2296.0	0.0210621678145
2297.0	0.0211039934713
2298.0	0.0211423717975
2299.0	0.0211843934435
2300.0	0.0212229496061
