701.0	0.0226787629206
702.0	0.0225942697879
703.0	0.022505447277
704.0	0.022414817704
705.0	0.0223224239081
706.0	0.022228309023
707.0	0.0221301362293
708.0	0.0220280023822
709.0	0.02192435017
710.0	0.0218192245931
711.0	0.0217126706913
712.0	0.0216047335099
713.0	0.0214931894756
714.0	0.0213826397835
715.0	0.0212686117713
716.0	0.0211534191024
717.0	0.0210392972928
718.0	0.0209218899222
719.0	0.0208034517865
720.0	0.0206861583041
721.0	0.0205657707695
722.0	0.0204465754089
723.0	0.0203264839947
724.0	0.0202055392213
725.0	0.0200837834205
726.0	0.0199632707083
727.0	0.0198419908007
728.0	0.0197199847508
729.0	0.0195992465514
730.0	0.0194797580588
731.0	0.0193576711433
732.0	0.0192368742842
733.0	0.0191173487249
734.0	0.0189972180851
735.0	0.0188783593138
736.0	0.0187589332438
737.0	0.0186407788696
738.0	0.0185238775695
739.0	0.0184082110664
740.0	0.0182937614202
741.0	0.0181787800484
742.0	0.0180667287414
743.0	0.017954145481
744.0	0.0178427438617
745.0	0.0177325068244
746.0	0.0176250643351
747.0	0.017518721064
748.0	0.0174118465412
749.0	0.0173076710742
750.0	0.017204548988
