951.0	0.0147596774794
952.0	0.0149724374161
953.0	0.0151872258184
954.0	0.0154015973672
955.0	0.0156202996306
956.0	0.0158409318882
957.0	0.0160583212623
958.0	0.0162799734536
959.0	0.0165033272064
960.0	0.0167256098803
961.0	0.0169493879898
962.0	0.0171746059751
963.0	0.0173983191906
964.0	0.0176232426497
965.0	0.0178493103686
966.0	0.0180734023675
967.0	0.0182983861411
968.0	0.01852418546
969.0	0.0187475028248
970.0	0.0189713616222
971.0	0.0191956758111
972.0	0.0194135832577
973.0	0.019638424664
974.0	0.0198564470298
975.0	0.0200743252482
976.0	0.0202919584621
977.0	0.0205055769479
978.0	0.0207186299456
979.0	0.0209272331744
980.0	0.0211349431454
981.0	0.0213416480626
982.0	0.0215432961477
983.0	0.0217436034542
984.0	0.02193841094
985.0	0.0221315403927
986.0	0.0223270199334
987.0	0.022512294643
988.0	0.0226954368098
989.0	0.0228720353692
990.0	0.0230505097525
991.0	0.0232221098623
992.0	0.02338658028
993.0	0.0235481481161
994.0	0.0237067001152
995.0	0.0238575643322
996.0	0.0240051076673
997.0	0.0241492227438
998.0	0.0242851280711
999.0	0.0244220337154
1000.0	0.0245457059137
