2651.0	0.0187756778324
2652.0	0.0188170838274
2653.0	0.0188586071608
2654.0	0.0189013557826
2655.0	0.0189436740626
2656.0	0.0189866717934
2657.0	0.0190303548094
2658.0	0.0190747290634
2659.0	0.0191192377564
2660.0	0.0191638814105
2661.0	0.0192097938019
2662.0	0.0192552812634
2663.0	0.0193020500837
2664.0	0.0193489676157
2665.0	0.0193966089598
2666.0	0.0194449807765
2667.0	0.0194935112473
2668.0	0.0195427817143
2669.0	0.0195927991371
2670.0	0.0196429856626
2671.0	0.0196939291196
2672.0	0.01974563678
2673.0	0.0197981160597
2674.0	0.0198507807076
2675.0	0.0199048237454
2676.0	0.019959063045
2677.0	0.0200134995281
2678.0	0.0200693404322
2679.0	0.0201253899316
2680.0	0.0201822570745
2681.0	0.0202399502786
2682.0	0.0202984781261
2683.0	0.0203572337198
2684.0	0.0204174546565
2685.0	0.0204779160618
2686.0	0.0205392427276
2687.0	0.0206014439768
2688.0	0.020663900289
2689.0	0.0207278765992
2690.0	0.0207921218693
2691.0	0.0208572750604
2692.0	0.0209233463026
2693.0	0.0209903459231
2694.0	0.0210576380826
2695.0	0.0211258738065
2696.0	0.0211950638944
2697.0	0.0212652193567
2698.0	0.0213363514194
2699.0	0.021408471528
2700.0	0.0214809261367
