2901.0	0.0201918908543
2902.0	0.0201856923038
2903.0	0.0201794823121
2904.0	0.0201732608974
2905.0	0.0201667974525
2906.0	0.020160092448
2907.0	0.0201533766785
2908.0	0.0201466501631
2909.0	0.0201396829187
2910.0	0.0201324754412
2911.0	0.0201252579112
2912.0	0.0201178008393
2913.0	0.0201103340843
2914.0	0.0201028576662
2915.0	0.0200951426011
2916.0	0.0200874182512
2917.0	0.0200794559794
2918.0	0.0200714848094
2919.0	0.0200635047616
2920.0	0.0200552877291
2921.0	0.0200470622141
2922.0	0.0200386004724
2923.0	0.0200301306517
2924.0	0.0200216527726
2925.0	0.020012939645
2926.0	0.0200042188707
2927.0	0.0199954904703
2928.0	0.0199865278197
2929.0	0.0199775579627
2930.0	0.0199685809201
2931.0	0.0199593706454
2932.0	0.0199503794846
2933.0	0.0199409298424
2934.0	0.0199316993555
2935.0	0.0199224621725
2936.0	0.0199129932263
2937.0	0.0199035180194
2938.0	0.0198938118861
2939.0	0.0198843244183
2940.0	0.019874606467
2941.0	0.0198648827389
2942.0	0.0198551532544
2943.0	0.0198454180341
2944.0	0.0198354536284
2945.0	0.0198257072005
2946.0	0.0198157320372
2947.0	0.0198057516287
2948.0	0.0197957659957
2949.0	0.0197857751583
2950.0	0.0197755569045
