1101.0	0.0200647642884
1102.0	0.0200250465445
1103.0	0.0199887902446
1104.0	0.019952655627
1105.0	0.0199199392078
1106.0	0.0198906116617
1107.0	0.0198613659279
1108.0	0.0198354733933
1109.0	0.0198129101479
1110.0	0.0197936548632
1111.0	0.0197744357165
1112.0	0.0197552526059
1113.0	0.0197393460975
1114.0	0.0197267000031
1115.0	0.0197173005969
1116.0	0.0197079072118
1117.0	0.0197017454738
1118.0	0.0196988065198
1119.0	0.0196990838778
1120.0	0.0196993519452
1121.0	0.0197028308785
1122.0	0.0197062986071
1123.0	0.0197161954432
1124.0	0.0197260819148
1125.0	0.0197391813359
1126.0	0.0197554990384
1127.0	0.0197718134891
1128.0	0.0197913564763
1129.0	0.0198141380641
1130.0	0.0198401707024
1131.0	0.0198662226132
1132.0	0.0198987977808
1133.0	0.0199314152937
1134.0	0.0199673415352
1135.0	0.020003324226
1136.0	0.0200459281239
1137.0	0.0200853298455
1138.0	0.0201314049437
1139.0	0.0201809006544
1140.0	0.0202338495905
1141.0	0.0202869514571
1142.0	0.0203435540901
1143.0	0.0204003350377
1144.0	0.0204640423952
1145.0	0.0205279835032
1146.0	0.0205955631666
1147.0	0.0206634085947
1148.0	0.0207383926412
1149.0	0.020813710602
1150.0	0.0208928360011
