2701.0	0.0181473000862
2702.0	0.0182100042113
2703.0	0.0182735748386
2704.0	0.0183374510613
2705.0	0.018402783395
2706.0	0.0184684369446
2707.0	0.0185349940715
2708.0	0.0186018826032
2709.0	0.0186702775608
2710.0	0.0187390206751
2711.0	0.0188087070254
2712.0	0.0188793485619
2713.0	0.0189503581949
2714.0	0.0190223409902
2715.0	0.019095309469
2716.0	0.0191692764023
2717.0	0.0192436420245
2718.0	0.0193190254038
2719.0	0.0193948201287
2720.0	0.019472275853
2721.0	0.0195501632242
2722.0	0.0196284853955
2723.0	0.0197085143183
2724.0	0.0197883612286
2725.0	0.0198699440554
2726.0	0.0199519975585
2727.0	0.0200351750608
2728.0	0.0201188382746
2729.0	0.0202036486541
2730.0	0.0202889602903
2731.0	0.0203754429672
2732.0	0.0204631130515
2733.0	0.0205513129251
2734.0	0.0206400467923
2735.0	0.0207306846367
2736.0	0.0208211951429
2737.0	0.020912952976
2738.0	0.0210052798407
2739.0	0.021098881021
2740.0	0.0211937749052
2741.0	0.0212885604451
2742.0	0.0213846577575
2743.0	0.0214820859529
2744.0	0.0215801404123
2745.0	0.0216788264294
2746.0	0.0217788832065
2747.0	0.0218788533668
2748.0	0.0219809589463
2749.0	0.022082989152
2750.0	0.0221864425105
