851.0	0.0156613029012
852.0	0.0157736227928
853.0	0.0158897434579
854.0	0.0160097641682
855.0	0.0161337888378
856.0	0.0162591012878
857.0	0.0163900037568
858.0	0.0165237715234
859.0	0.0166604754779
860.0	0.0168001889546
861.0	0.0169444858913
862.0	0.0170919839913
863.0	0.0172443022412
864.0	0.0174000298318
865.0	0.017559257136
866.0	0.0177220777791
867.0	0.0178902083582
868.0	0.0180621745459
869.0	0.0182364173242
870.0	0.0184163532633
871.0	0.0186004544581
872.0	0.0187905777032
873.0	0.0189851594249
874.0	0.0191825382346
875.0	0.0193864038768
876.0	0.0195951320031
877.0	0.0198069919798
878.0	0.0200258574153
879.0	0.0202481016234
880.0	0.0204777303146
881.0	0.02070900484
882.0	0.0209500401336
883.0	0.0211929442233
884.0	0.0214419054964
885.0	0.0216971172147
886.0	0.021958780701
887.0	0.0222248883081
888.0	0.0224955396294
889.0	0.0227754315099
890.0	0.0230602409604
891.0	0.0233524646539
892.0	0.0236499256365
893.0	0.0239552205557
894.0	0.0242635782588
895.0	0.0245826922333
896.0	0.0249077600589
897.0	0.0252389286053
898.0	0.0255763492731
899.0	0.0259229523431
900.0	0.0262762348103
