1651.0	0.0199457956605
1652.0	0.0199669179458
1653.0	0.0199869976556
1654.0	0.0200049705398
1655.0	0.0200218913271
1656.0	0.0200366946305
1657.0	0.0200504383141
1658.0	0.0200620563697
1659.0	0.0200715451771
1660.0	0.0200799665224
1661.0	0.0200873193593
1662.0	0.0200936028973
1663.0	0.0200988166014
1664.0	0.0201018952564
1665.0	0.0201039040111
1666.0	0.020104843352
1667.0	0.020105778222
1668.0	0.0201045807988
1669.0	0.0201023168621
1670.0	0.0200989879129
1671.0	0.0200945957033
1672.0	0.0200902036108
1673.0	0.0200847509289
1674.0	0.0200771801128
1675.0	0.0200706730407
1676.0	0.0200631110372
1677.0	0.0200544968407
1678.0	0.0200458894063
1679.0	0.0200362337472
1680.0	0.0200255330825
1681.0	0.0200148434518
1682.0	0.0200052163471
1683.0	0.0199934972244
1684.0	0.0199828405936
1685.0	0.0199711469561
1686.0	0.0199584199842
1687.0	0.0199477996369
1688.0	0.0199351017015
1689.0	0.0199234624551
1690.0	0.0199118364415
1691.0	0.0198991831751
1692.0	0.0198875847762
1693.0	0.0198759995402
1694.0	0.0198644274448
1695.0	0.0198528684674
1696.0	0.0198413225857
1697.0	0.0198308229716
1698.0	0.0198203340808
1699.0	0.0198108869265
1700.0	0.0198004183131
