2251.0	0.0184511409749
2252.0	0.0185311708536
2253.0	0.0186057251599
2254.0	0.0186806938181
2255.0	0.0187560798434
2256.0	0.0188288556879
2257.0	0.0189020202608
2258.0	0.0189755762785
2259.0	0.0190464452516
2260.0	0.0191145800937
2261.0	0.0191830476343
2262.0	0.0192518499938
2263.0	0.0193209893097
2264.0	0.0193873069165
2265.0	0.0194507581641
2266.0	0.0195176805316
2267.0	0.0195785039355
2268.0	0.019642801701
2269.0	0.0197041498464
2270.0	0.0197657553375
2271.0	0.0198243563118
2272.0	0.0198831890045
2273.0	0.0199422546048
2274.0	0.0200015543092
2275.0	0.0200577711719
2276.0	0.0201108665637
2277.0	0.0201674893559
2278.0	0.0202209667168
2279.0	0.0202746300806
2280.0	0.0203284802831
2281.0	0.020379124423
2282.0	0.0204299323285
2283.0	0.020480904682
2284.0	0.0205286132697
2285.0	0.0205799044743
2286.0	0.0206279098444
2287.0	0.0206725960632
2288.0	0.0207208778346
2289.0	0.020765819588
2290.0	0.0208108845191
2291.0	0.0208560730595
2292.0	0.0209013856431
2293.0	0.0209432963216
2294.0	0.0209888475596
2295.0	0.0210309771067
2296.0	0.0210732116785
2297.0	0.0211155516082
2298.0	0.0211544212832
2299.0	0.0211969629208
2300.0	0.0212360157969
