1651.0	0.0200485794524
1652.0	0.0200636883438
1653.0	0.0200778411771
1654.0	0.0200900790475
1655.0	0.020101355613
1656.0	0.0201107116919
1657.0	0.0201191028701
1658.0	0.0201255701047
1659.0	0.0201301123573
1660.0	0.0201336874589
1661.0	0.0201362955138
1662.0	0.0201379368343
1663.0	0.0201386119408
1664.0	0.0201373643401
1665.0	0.0201351530089
1666.0	0.0201319792922
1667.0	0.0201288004208
1668.0	0.0201237061373
1669.0	0.0201176546602
1670.0	0.0201106481475
1671.0	0.0201026889573
1672.0	0.0200947314768
1673.0	0.0200858247295
1674.0	0.0200750215382
1675.0	0.020065174639
1676.0	0.0200543852178
1677.0	0.0200426564125
1678.0	0.0200309371595
1679.0	0.0200182829521
1680.0	0.0200046973057
1681.0	0.0199911258712
1682.0	0.0199785094022
1683.0	0.019964025549
1684.0	0.0199504966172
1685.0	0.0199360447996
1686.0	0.0199206739594
1687.0	0.0199071910125
1688.0	0.0198918559201
1689.0	0.0198774717208
1690.0	0.0198631040302
1691.0	0.019847823676
1692.0	0.0198334901982
1693.0	0.0198191731418
1694.0	0.0198048724783
1695.0	0.0197905881797
1696.0	0.0197763202178
1697.0	0.0197629900603
1698.0	0.0197496737147
1699.0	0.0197372903172
1700.0	0.0197240003332
