2151.0	0.016319971083
2152.0	0.0164517296261
2153.0	0.0165830923477
2154.0	0.0167179258785
2155.0	0.0168523648634
2156.0	0.0169883659187
2157.0	0.0171259530972
2158.0	0.0172651509142
2159.0	0.0174059843588
2160.0	0.0175463784429
2161.0	0.0176905346127
2162.0	0.0178342525553
2163.0	0.0179796585115
2164.0	0.0181267787597
2165.0	0.0182734103109
2166.0	0.0184217564678
2167.0	0.0185718438033
2168.0	0.0187236994051
2169.0	0.0188773508877
2170.0	0.019030459361
2171.0	0.0191853633078
2172.0	0.0193420906356
2173.0	0.0194982166379
2174.0	0.0196561644087
2175.0	0.0198159621219
2176.0	0.0199750965454
2177.0	0.0201360780116
2178.0	0.0202989349327
2179.0	0.0204636962668
2180.0	0.0206277264353
2181.0	0.0207909607136
2182.0	0.0209587885414
2183.0	0.0211258147551
2184.0	0.0212919720325
2185.0	0.0214600165142
2186.0	0.0216299766
2187.0	0.021798990574
2188.0	0.0219699111889
2189.0	0.0221427669401
2190.0	0.0223145950916
2191.0	0.0224883477252
2192.0	0.0226609930917
2193.0	0.0228355504998
2194.0	0.0230089183703
2195.0	0.0231841840296
2196.0	0.0233581752906
2197.0	0.0235340482543
2198.0	0.0237085593892
2199.0	0.02388824058
2200.0	0.0240631993091
