2351.0	0.0196074828065
2352.0	0.0196189019659
2353.0	0.0196284028068
2354.0	0.019639805433
2355.0	0.0196512003851
2356.0	0.0196625876378
2357.0	0.0196758828897
2358.0	0.0196872559225
2359.0	0.0197005396911
2360.0	0.0197138184439
2361.0	0.0197270921527
2362.0	0.0197403607896
2363.0	0.0197536243265
2364.0	0.0197688091885
2365.0	0.0197839922365
2366.0	0.0197991734413
2367.0	0.0198143527735
2368.0	0.0198295302037
2369.0	0.0198466414981
2370.0	0.0198618168479
2371.0	0.0198789299103
2372.0	0.0198960448607
2373.0	0.0199131616702
2374.0	0.019932226588
2375.0	0.0199512977885
2376.0	0.0199684241985
2377.0	0.0199894589322
2378.0	0.0200085488225
2379.0	0.0200276448896
2380.0	0.0200487079946
2381.0	0.0200697822953
2382.0	0.02009086777
2383.0	0.0201119643972
2384.0	0.0201330721552
2385.0	0.0201561656231
2386.0	0.0201792758523
2387.0	0.020202402829
2388.0	0.0202255465392
2389.0	0.0202506938116
2390.0	0.0202738739427
2391.0	0.0202990638997
2392.0	0.020324276837
2393.0	0.0203495127517
2394.0	0.0203767749722
2395.0	0.0204040670818
2396.0	0.0204293785413
2397.0	0.020457331066
2398.0	0.0204853157108
2399.0	0.0205131303397
2400.0	0.0205417864879
