601.0	0.0156843761584
602.0	0.0158401243871
603.0	0.0159979178126
604.0	0.0161562833851
605.0	0.0163182513213
606.0	0.0164808200603
607.0	0.0166471067856
608.0	0.016814024509
609.0	0.0169831619611
610.0	0.0171545575781
611.0	0.017326585452
612.0	0.0174992142564
613.0	0.017675836923
614.0	0.0178530916637
615.0	0.0180327073142
616.0	0.0182129375552
617.0	0.0183937477864
618.0	0.018576940274
619.0	0.018760691911
620.0	0.0189449655751
621.0	0.0191316392738
622.0	0.0193188106276
623.0	0.0195044703367
624.0	0.0196924898271
625.0	0.0198808845041
626.0	0.0200696115178
627.0	0.0202586269844
628.0	0.0204478859936
629.0	0.0206373426161
630.0	0.0208269499133
631.0	0.0210166599483
632.0	0.0212042071673
633.0	0.0213917025655
634.0	0.0215790950585
635.0	0.0217663326564
636.0	0.0219533624827
637.0	0.0221377754633
638.0	0.0223218168298
639.0	0.0225030210383
640.0	0.0226836872085
641.0	0.0228612944233
642.0	0.0230406860522
643.0	0.023214331856
644.0	0.0233871018864
645.0	0.0235589372878
646.0	0.023727183537
647.0	0.0238917046199
648.0	0.0240550109648
649.0	0.02421437372
650.0	0.0243696609698
