1651.0	0.0200378425011
1652.0	0.0200535821701
1653.0	0.0200683564487
1654.0	0.0200811954039
1655.0	0.0200930633072
1656.0	0.0201029898667
1657.0	0.0201119413993
1658.0	0.0201189476802
1659.0	0.0201240074242
1660.0	0.020128089355
1661.0	0.0201311934675
1662.0	0.0201333199693
1663.0	0.0201344692806
1664.0	0.0201336735636
1665.0	0.0201319029
1666.0	0.020129158555
1667.0	0.0201264090087
1668.0	0.0201217213062
1669.0	0.0201160649024
1670.0	0.0201094418953
1671.0	0.0201018545886
1672.0	0.020094268737
1673.0	0.0200857219303
1674.0	0.0200752555013
1675.0	0.0200657564831
1676.0	0.0200553031597
1677.0	0.0200438986347
1678.0	0.0200325033037
1679.0	0.0200201611625
1680.0	0.0200068757027
1681.0	0.0199936040656
1682.0	0.0199812985225
1683.0	0.0199671021729
1684.0	0.0199538718745
1685.0	0.019939706769
1686.0	0.0199246107063
1687.0	0.0199114252157
1688.0	0.0198963640996
1689.0	0.0198822650237
1690.0	0.0198681820623
1691.0	0.0198531744849
1692.0	0.0198391249454
1693.0	0.0198250914351
1694.0	0.0198110739264
1695.0	0.0197970723917
1696.0	0.0197830868037
1697.0	0.0197700502162
1698.0	0.0197570270622
1699.0	0.0197449480776
1700.0	0.0197319505362
