851.0	0.0156357672321
852.0	0.0157486023219
853.0	0.0158652582889
854.0	0.0159858354641
855.0	0.0161104388801
856.0	0.0162363455456
857.0	0.0163678704784
858.0	0.0165022820991
859.0	0.0166396521773
860.0	0.0167800549657
861.0	0.0169250701721
862.0	0.0170733120556
863.0	0.0172264058545
864.0	0.0173829370881
865.0	0.0175429973212
866.0	0.0177066814272
867.0	0.0178757133292
868.0	0.0180486145091
869.0	0.018223820921
870.0	0.0184047633971
871.0	0.0185899093888
872.0	0.0187811246417
873.0	0.0189768406466
874.0	0.0191753900664
875.0	0.0193804800062
876.0	0.0195904806578
877.0	0.0198036547926
878.0	0.0200238955595
879.0	0.0202475607521
880.0	0.0204786772362
881.0	0.0207114794308
882.0	0.0209541252683
883.0	0.0211986839117
884.0	0.0214493672714
885.0	0.0217063718062
886.0	0.0219699022096
887.0	0.0222379414757
888.0	0.0225105914148
889.0	0.022792579072
890.0	0.0230795581454
891.0	0.0233740429934
892.0	0.0236738454783
893.0	0.023981581436
894.0	0.0242924507299
895.0	0.0246142009225
896.0	0.024942000367
897.0	0.0252759994649
898.0	0.0256163532942
899.0	0.0259660166134
900.0	0.0263224714183
