601.0	0.0157009391872
602.0	0.015856271372
603.0	0.0160136340778
604.0	0.0161715561886
605.0	0.0163330629138
606.0	0.0164951570768
607.0	0.0166609503517
608.0	0.0168273606003
609.0	0.0169959734926
610.0	0.0171668269819
611.0	0.0173382979277
612.0	0.0175103549316
613.0	0.0176863837409
614.0	0.0178630290195
615.0	0.0180420156619
616.0	0.0182216008428
617.0	0.0184017499046
618.0	0.0185842606884
619.0	0.0187673140787
620.0	0.0189508729165
621.0	0.0191368102644
622.0	0.0193232282718
623.0	0.0195081229274
624.0	0.0196953552491
625.0	0.0198829457628
626.0	0.0200708516429
627.0	0.0202590290439
628.0	0.0204474331071
629.0	0.0206360179691
630.0	0.0208247367718
631.0	0.0210135416729
632.0	0.0212001744474
633.0	0.0213867394607
634.0	0.0215731857808
635.0	0.0217594615859
636.0	0.0219455141833
637.0	0.0221289431047
638.0	0.0223119858874
639.0	0.0224921861289
640.0	0.0226718348127
641.0	0.0228484207051
642.0	0.0230267689372
643.0	0.0231993785492
644.0	0.0233711011442
645.0	0.0235418782324
646.0	0.0237090663486
647.0	0.0238725306517
648.0	0.0240347715745
649.0	0.0241930721478
650.0	0.024347301679
