1551.0	0.0153370564121
1552.0	0.0155094340648
1553.0	0.0156840038512
1554.0	0.0158595492264
1555.0	0.0160373055908
1556.0	0.0162166585862
1557.0	0.0163969517715
1558.0	0.0165794808853
1559.0	0.0167629226783
1560.0	0.0169479273447
1561.0	0.0171344898665
1562.0	0.0173226045138
1563.0	0.0175115438347
1564.0	0.017701265938
1565.0	0.017893215692
1566.0	0.0180859068963
1567.0	0.0182792936301
1568.0	0.0184741083478
1569.0	0.0186695462792
1570.0	0.0188663614466
1571.0	0.0190637221859
1572.0	0.0192615751688
1573.0	0.0194607073691
1574.0	0.0196602456774
1575.0	0.0198601321672
1576.0	0.0200603072946
1577.0	0.0202616031923
1578.0	0.0204630899029
1579.0	0.0206637837917
1580.0	0.0208654449166
1581.0	0.0210670996262
1582.0	0.0212686790756
1583.0	0.0214710854978
1584.0	0.0216713292083
1585.0	0.0218732541028
1586.0	0.022073827399
1587.0	0.0222739589002
1588.0	0.0224735710445
1589.0	0.0226725849434
1590.0	0.0228709204257
1591.0	0.0230684960847
1592.0	0.0232652293281
1593.0	0.0234610364315
1594.0	0.0236558325948
1595.0	0.0238483976837
1596.0	0.0240409001614
1597.0	0.0242309705043
1598.0	0.0244208289277
1599.0	0.024608051126
1600.0	0.0247937084114
