2951.0	0.0202908306816
2952.0	0.0202789662549
2953.0	0.0202670994434
2954.0	0.0202554369664
2955.0	0.0202435652289
2956.0	0.0202316911669
2957.0	0.0202198148002
2958.0	0.0202079361489
2959.0	0.0201960552328
2960.0	0.0201841720719
2961.0	0.0201722866861
2962.0	0.0201601941261
2963.0	0.0201483045657
2964.0	0.0201364128396
2965.0	0.0201245189677
2966.0	0.0201124188667
2967.0	0.0201005209777
2968.0	0.0200886210019
2969.0	0.020076718959
2970.0	0.0200646116299
2971.0	0.0200527057266
2972.0	0.0200407978149
2973.0	0.0200288879144
2974.0	0.0200169760447
2975.0	0.0200050622251
2976.0	0.0199931464752
2977.0	0.0199812288145
2978.0	0.0199693092623
2979.0	0.0199573878381
2980.0	0.0199456656543
2981.0	0.0199337403302
2982.0	0.0199220138603
2983.0	0.019910084714
2984.0	0.0198983540362
2985.0	0.0198866211782
2986.0	0.0198746863372
2987.0	0.0198629493879
2988.0	0.019851210317
2989.0	0.0198396683354
2990.0	0.0198279248693
2991.0	0.01981617934
2992.0	0.0198046303311
2993.0	0.0197930788811
2994.0	0.0197813268585
2995.0	0.0197697707914
2996.0	0.0197582123418
2997.0	0.0197468490602
2998.0	0.0197352856976
2999.0	0.0197237200111
3000.0	0.0197123489352
