2201.0	0.0170448085454
2202.0	0.0171704460734
2203.0	0.0172925631293
2204.0	0.0174183806652
2205.0	0.0175430370077
2206.0	0.017668976054
2207.0	0.0177936845917
2208.0	0.0179171013513
2209.0	0.0180417469401
2210.0	0.0181650289996
2211.0	0.0182895194166
2212.0	0.0184152338524
2213.0	0.0185395004244
2214.0	0.0186622551487
2215.0	0.0187861738067
2216.0	0.0189085044159
2217.0	0.0190319747187
2218.0	0.0191565987453
2219.0	0.0192766984179
2220.0	0.019397873038
2221.0	0.019520135311
2222.0	0.0196405732985
2223.0	0.0197620712166
2224.0	0.0198816638678
2225.0	0.0200022876539
2226.0	0.0201209242462
2227.0	0.0202375064062
2228.0	0.0203550483942
2229.0	0.0204735606325
2230.0	0.0205899198758
2231.0	0.0207040585004
2232.0	0.0208190936456
2233.0	0.0209318245579
2234.0	0.0210454190393
2235.0	0.0211598858043
2236.0	0.021268661664
2237.0	0.0213815360546
2238.0	0.0214885855694
2239.0	0.0215997487385
2240.0	0.0217083379391
2241.0	0.0218142864078
2242.0	0.0219209610093
2243.0	0.0220249112711
2244.0	0.0221295522222
2245.0	0.0222313857111
2246.0	0.0223338742292
2247.0	0.0224334728182
2248.0	0.0225336906618
2249.0	0.0226345328128
2250.0	0.0227323850982
