1901.0	0.0179626739442
1902.0	0.0180646440696
1903.0	0.0181659521177
1904.0	0.0182665704245
1905.0	0.0183649721799
1906.0	0.0184641158612
1907.0	0.0185609640199
1908.0	0.0186569879423
1909.0	0.0187521598451
1910.0	0.0188464519363
1911.0	0.0189398364304
1912.0	0.0190322855654
1913.0	0.0191221822451
1914.0	0.0192110666239
1915.0	0.0193005220508
1916.0	0.0193873105839
1917.0	0.0194730052339
1918.0	0.0195575791036
1919.0	0.0196410054561
1920.0	0.019721596079
1921.0	0.0198026380965
1922.0	0.0198807727265
1923.0	0.0199593263934
1924.0	0.0200349025374
1925.0	0.0201091571564
1926.0	0.0201837831203
1927.0	0.0202553297878
1928.0	0.0203254818248
1929.0	0.0203942155992
1930.0	0.0204615078496
1931.0	0.0205273357037
1932.0	0.0205916766945
1933.0	0.0206545087776
1934.0	0.0207158103478
1935.0	0.0207755602558
1936.0	0.0208355345304
1937.0	0.0208921264287
1938.0	0.0209471059092
1939.0	0.0210022707111
1940.0	0.0210539746228
1941.0	0.021104010011
1942.0	0.021154194589
1943.0	0.0212026876068
1944.0	0.0212494720467
1945.0	0.0212945314842
1946.0	0.0213378501009
1947.0	0.0213812751713
1948.0	0.0214210719014
1949.0	0.0214609558196
1950.0	0.0214990504828
