2951.0	0.0202578603277
2952.0	0.02024737764
2953.0	0.020236890128
2954.0	0.0202266247233
2955.0	0.0202161274096
2956.0	0.0202056253336
2957.0	0.0201951185159
2958.0	0.020184606977
2959.0	0.0201740907376
2960.0	0.0201635698182
2961.0	0.0201530442394
2962.0	0.0201422888293
2963.0	0.0201317542079
2964.0	0.0201212149886
2965.0	0.0201106711919
2966.0	0.0200998985077
2967.0	0.0200893458319
2968.0	0.02007878864
2969.0	0.0200682269524
2970.0	0.02005743732
2971.0	0.0200468669164
2972.0	0.0200362920781
2973.0	0.0200257128255
2974.0	0.0200151291789
2975.0	0.0200045411587
2976.0	0.0199939487851
2977.0	0.0199833520785
2978.0	0.0199727510589
2979.0	0.0199621457468
2980.0	0.019951757492
2981.0	0.0199411434416
2982.0	0.0199307460653
2983.0	0.0199201233576
2984.0	0.0199097169409
2985.0	0.0198993059294
2986.0	0.0198886702805
2987.0	0.01987825035
2988.0	0.0198678258855
2989.0	0.0198576163411
2990.0	0.0198471826595
2991.0	0.0198367445044
2992.0	0.0198265207051
2993.0	0.0198162920574
2994.0	0.0198058401842
2995.0	0.0197956021062
2996.0	0.0197853592405
2997.0	0.0197753293875
2998.0	0.0197650768014
2999.0	0.0197548194881
3000.0	0.019744774635
