1751.0	0.0181880710477
1752.0	0.0182340934916
1753.0	0.0182812171197
1754.0	0.0183304124491
1755.0	0.0183807383651
1756.0	0.0184322066911
1757.0	0.0184858006036
1758.0	0.0185415447305
1759.0	0.0185984854428
1760.0	0.0186566365521
1761.0	0.0187170004126
1762.0	0.0187796054033
1763.0	0.0188434834584
1764.0	0.018908650596
1765.0	0.0189761308732
1766.0	0.0190459567663
1767.0	0.0191161254707
1768.0	0.0191897103384
1769.0	0.0192636754692
1770.0	0.0193400938906
1771.0	0.0194190034663
1772.0	0.0194993960135
1773.0	0.019581293338
1774.0	0.0196657781504
1775.0	0.0197518263099
1776.0	0.0198394617835
1777.0	0.0199297900103
1778.0	0.0200206816157
1779.0	0.0201154270373
1780.0	0.0202107891905
1781.0	0.0203089944293
1782.0	0.0204100948952
1783.0	0.0205118911686
1784.0	0.0206155244041
1785.0	0.0207221692472
1786.0	0.020830731672
1787.0	0.0209412451633
1788.0	0.0210549141373
1789.0	0.0211694430306
1790.0	0.0212872178754
1791.0	0.0214059079131
1792.0	0.0215279390684
1793.0	0.0216509439347
1794.0	0.0217773900585
1795.0	0.0219061111526
1796.0	0.0220371504198
1797.0	0.0221692911602
1798.0	0.0223050899095
1799.0	0.022442059742
1800.0	0.0225828045308
