2701.0	0.0181912512018
2702.0	0.0182525820156
2703.0	0.0183147559998
2704.0	0.0183772205783
2705.0	0.0184411082476
2706.0	0.0185053013606
2707.0	0.0185703729427
2708.0	0.0186357595944
2709.0	0.0187026173164
2710.0	0.0187698060195
2711.0	0.0188379109195
2712.0	0.0189069433919
2713.0	0.0189763257127
2714.0	0.0190466526652
2715.0	0.0191179361608
2716.0	0.0191901883461
2717.0	0.0192628193319
2718.0	0.0193364373088
2719.0	0.0194104460127
2720.0	0.0194860729489
2721.0	0.0195621098467
2722.0	0.0196385596164
2723.0	0.019716671103
2724.0	0.0197945891041
2725.0	0.0198741965078
2726.0	0.0199542506611
2727.0	0.0200353925177
2728.0	0.0201169952595
2729.0	0.0201997076103
2730.0	0.0202828954539
2731.0	0.0203672154706
2732.0	0.0204526831686
2733.0	0.0205386532225
2734.0	0.0206251295065
2735.0	0.0207134545593
2736.0	0.0208016368065
2737.0	0.0208910232486
2738.0	0.0209809487827
2739.0	0.0210721039645
2740.0	0.0211645061818
2741.0	0.0212567829287
2742.0	0.0213503245707
2743.0	0.0214451491641
2744.0	0.0215405664521
2745.0	0.0216365813019
2746.0	0.0217339165848
2747.0	0.0218311460516
2748.0	0.0219304428852
2749.0	0.0220296442319
2750.0	0.022130215162
