1951.0	0.0198165101168
1952.0	0.0198345061314
1953.0	0.0198525081577
1954.0	0.0198691436587
1955.0	0.0198857822552
1956.0	0.0199010488044
1957.0	0.0199149395974
1958.0	0.019928828514
1959.0	0.0199413372887
1960.0	0.0199524630707
1961.0	0.0199635831496
1962.0	0.0199733170017
1963.0	0.0199830436655
1964.0	0.0199913814501
1965.0	0.0199997108548
1966.0	0.0200066493118
1967.0	0.0200121957109
1968.0	0.0200191152425
1969.0	0.0200232588902
1970.0	0.020028775662
1971.0	0.0200328990274
1972.0	0.0200356287564
1973.0	0.020039731682
1974.0	0.0200410576498
1975.0	0.0200437568173
1976.0	0.020045062771
1977.0	0.0200463588306
1978.0	0.0200476450003
1979.0	0.0200475390468
1980.0	0.0200474237909
1981.0	0.0200472992391
1982.0	0.020047165398
1983.0	0.0200456416271
1984.0	0.0200454895905
1985.0	0.0200439485083
1986.0	0.0200423990359
1987.0	0.0200408411816
1988.0	0.0200392749539
1989.0	0.0200377003609
1990.0	0.0200347403184
1991.0	0.0200331495301
1992.0	0.0200315504023
1993.0	0.0200299429433
1994.0	0.0200283271616
1995.0	0.0200253286681
1996.0	0.0200236967782
1997.0	0.0200220565911
1998.0	0.0200204081153
1999.0	0.0200187513591
2000.0	0.0200170863308
