1701.0	0.0199786520686
1702.0	0.019966136238
1703.0	0.019955486102
1704.0	0.0199448431836
1705.0	0.0199342074767
1706.0	0.0199245031113
1707.0	0.0199148039909
1708.0	0.0199069547991
1709.0	0.019899107332
1710.0	0.019892182403
1711.0	0.0198852576428
1712.0	0.0198792524316
1713.0	0.0198741647206
1714.0	0.0198709109146
1715.0	0.0198676523375
1716.0	0.0198643889987
1717.0	0.0198629546575
1718.0	0.0198624304572
1719.0	0.0198628154967
1720.0	0.0198641090639
1721.0	0.0198663106346
1722.0	0.0198694198726
1723.0	0.0198734366289
1724.0	0.019878360942
1725.0	0.0198851093469
1726.0	0.0198918498368
1727.0	0.0199004160199
1728.0	0.0199098925614
1729.0	0.0199202806237
1730.0	0.0199324998151
1731.0	0.0199456346373
1732.0	0.0199596870077
1733.0	0.0199746590337
1734.0	0.0199914742856
1735.0	0.0200092158389
1736.0	0.0200288098908
1737.0	0.0200493384326
1738.0	0.0200708049247
1739.0	0.0200932130257
1740.0	0.0201184234435
1741.0	0.0201436593085
1742.0	0.0201707836748
1743.0	0.0201988729562
1744.0	0.0202288672719
1745.0	0.020259840571
1746.0	0.0202927375
1747.0	0.0203266291618
1748.0	0.0203624651579
1749.0	0.0203993133611
1750.0	0.0204371808083
