1351.0	0.0212947389746
1352.0	0.021239664164
1353.0	0.0211842752846
1354.0	0.0211280204846
1355.0	0.0210720228047
1356.0	0.0210151753359
1357.0	0.0209580412042
1358.0	0.0209006260289
1359.0	0.0208434806583
1360.0	0.0207860605172
1361.0	0.020728911521
1362.0	0.0206709560394
1363.0	0.0206138133302
1364.0	0.0205569412417
1365.0	0.0204998073292
1366.0	0.0204429452705
1367.0	0.0203863532692
1368.0	0.0203305530549
1369.0	0.0202744934851
1370.0	0.0202197363833
1371.0	0.0201647165259
1372.0	0.020110467693
1373.0	0.0200569814503
1374.0	0.0200042495195
1375.0	0.0199517561048
1376.0	0.0199005107122
1377.0	0.019849492266
1378.0	0.01979920066
1379.0	0.019750127511
1380.0	0.019701762031
1381.0	0.0196540969565
1382.0	0.0196095919471
1383.0	0.0195628053372
1384.0	0.0195191500641
1385.0	0.0194756650982
1386.0	0.0194333215989
1387.0	0.0193935612164
1388.0	0.0193520134803
1389.0	0.0193130269236
1390.0	0.0192770558897
1391.0	0.0192392922199
1392.0	0.0192045180937
1393.0	0.0191698561857
1394.0	0.0191381476685
1395.0	0.01910700594
1396.0	0.0190764266397
1397.0	0.0190487545121
1398.0	0.0190211555391
1399.0	0.0189964346015
1400.0	0.0189722392328
